[
	[
		[[ 5.3690453       ], [ 6.781807        ], [ 7.896644        ], [ 7.7908163       ], [ 7.417827        ], [ 4.42357         ], [ 2.029955        ], [ 2.9711783       ], [ 3.7380035       ], [ 4.080736        ], ],
		[[ 5.729712        ], [ 5.9622955       ], [ 4.8045297       ], [ 3.1337836       ], [ 3.0162659       ], [ 2.7680352       ], [ 1.0776677       ], [ 2.1028214       ], [ 3.2801688       ], [ 4.005936        ], ],
		[[ 6.0893435       ], [ 5.9253983       ], [ 2.268762        ], [ 0.9543902       ], [ 3.8776107       ], [ 5.954686        ], [ 7.9783487       ], [ 8.265349        ], [ 7.371156        ], [ 5.4805474       ], ],
		[[ 6.19274         ], [ 6.3370996       ], [ 0.716285        ], [ 0.07661183      ], [ 1.7897776       ], [ 3.7807243       ], [ 6.610971        ], [ 8.2829075       ], [ 8.231465        ], [ 7.486568        ], ],
		[[ 6.1760416       ], [ 5.9376388       ], [ 0.0             ], [ 0.0             ], [ 0.0             ], [ 1.6422818       ], [ 2.054315        ], [ 3.8628411       ], [ 6.4940724       ], [ 7.53892         ], ],
		[[ 5.073869        ], [ 3.215943        ], [ 0.0             ], [ 0.0             ], [ 0.0             ], [ 0.0             ], [ 0.0             ], [ 1.1187849       ], [ 3.7109017       ], [ 5.4667053       ], ],
		[[ 4.4404826       ], [ 4.4942718       ], [ 5.1269927       ], [ 5.227072        ], [ 5.236988        ], [ 3.8756027       ], [ 3.5883572       ], [ 3.3757298       ], [ 3.0403101       ], [ 3.340615        ], ],
		[[ 4.9729657       ], [ 6.5275717       ], [ 7.497139        ], [ 9.745635        ], [ 10.998042       ], [ 10.69846        ], [ 10.933994       ], [ 10.871717       ], [ 5.45821         ], [ 2.1697304       ], ],
		[[ 5.619446        ], [ 5.327047        ], [ 5.126947        ], [ 7.368523        ], [ 9.430079        ], [ 9.263526        ], [ 8.810819        ], [ 8.092706        ], [ 1.1585252       ], [ 0.0             ], ],
		[[ 5.439938        ], [ 3.9622717       ], [ 2.3954058       ], [ 1.9616971       ], [ 2.6032743       ], [ 2.5608191       ], [ 2.3026059       ], [ 1.7302814       ], [ 0.0             ], [ 1.3750206       ], ],
	]
]