[
	[[ 4.104984        ], [ 5.750207        ], [ 6.183033        ], [ 7.285321        ], [ 7.006828        ], [ 7.82158         ], [ 6.89472         ], [ 6.817098        ], [ 5.945914        ], [ 4.104984        ], ],
	[[ 5.587257        ], [ 7.169441        ], [ 7.701306        ], [ 5.389628        ], [ 5.459841        ], [ 6.733451        ], [ 6.692297        ], [ 6.408454        ], [ 6.398546        ], [ 5.547313        ], ],
	[[ 5.747249        ], [ 8.700942        ], [ 5.522008        ], [ 2.299546        ], [ 5.329309        ], [ 4.719619        ], [ 5.989546        ], [ 5.425456        ], [ 7.607091        ], [ 5.530412        ], ],
	[[ 7.15115         ], [ 7.692851        ], [ 2.975007        ], [ 4.018389        ], [ 5.864797        ], [ 3.634905        ], [ 3.79607         ], [ 4.848205        ], [ 5.119308        ], [ 5.497572        ], ],
	[[ 6.938096        ], [ 5.639285        ], [ 2.662649        ], [ 6.057236        ], [ 9.508629        ], [ 7.508449        ], [ 4.902111        ], [ 5.876527        ], [ 7.852645        ], [ 5.890066        ], ],
	[[ 7.584361        ], [ 3.029135        ], [ 1.12993         ], [ 4.068047        ], [ 6.788677        ], [ 4.992968        ], [ 3.2621          ], [ 4.135079        ], [ 6.616673        ], [ 4.724747        ], ],
	[[ 6.476212        ], [ 1.873471        ], [ 1.527782        ], [ 2.839635        ], [ 5.407306        ], [ 3.155963        ], [ 1.050372        ], [ 2.661233        ], [ 5.398676        ], [ 5.144628        ], ],
	[[ 5.506221        ], [ 4.221194        ], [ 3.082174        ], [ 2.404501        ], [ 3.058211        ], [ 1.324663        ], [ 0.0             ], [ 1.864523        ], [ 5.608519        ], [ 4.947322        ], ],
	[[ 4.141479        ], [ 5.310022        ], [ 5.30211         ], [ 4.058296        ], [ 5.624448        ], [ 3.999604        ], [ 1.653255        ], [ 2.878981        ], [ 5.021309        ], [ 4.925068        ], ],
	[[ 4.104984        ], [ 4.104984        ], [ 5.304984        ], [ 4.104984        ], [ 5.80922         ], [ 4.185074        ], [ 0.531021        ], [ 2.196052        ], [ 4.77602         ], [ 5.699913        ], ],
]
