[
	[ -0.096484005   ,	0.024753656    ,	0.037333816    ,	-0.017471462   ,	-0.13654552    ,	-0.16760354    ,	0.07740474     ,	-0.081757896   ,	0.058811564    ,	-0.00011555725 ,	-0.03368225    ,	0.03659153     ,	-0.0338165     ,	-0.01011088    ,	0.18415853     ,	0.07945744     ,	-0.027864266   ,	0.011268254    ,	0.008776503    ,	-0.090800494   ,	-0.018341849   ,	0.1627788      ,	-0.064887084   ,	-0.13550478     ],
	[ -0.018922998   ,	0.059980337    ,	0.10888048     ,	-0.06749039    ,	-0.051260676   ,	-0.08808208    ,	0.08331001     ,	-0.081051804   ,	0.120617025    ,	-0.0002530957  ,	-0.02918874    ,	-0.06287044    ,	-0.1796575     ,	0.03288957     ,	0.19536418     ,	0.07265923     ,	0.119282104    ,	-0.0680344     ,	-0.0646241     ,	-0.06409478    ,	-0.017942619   ,	0.15907872     ,	-0.041918356   ,	-0.084539995    ],
	[ 0.03197278     ,	0.22093992     ,	0.02976733     ,	-0.13081841    ,	-0.13713638    ,	-0.095997006   ,	0.12970534     ,	0.092151046    ,	0.02151015     ,	-0.0004338758  ,	0.05776571     ,	0.04109415     ,	-0.080709994   ,	0.03357169     ,	0.19803108     ,	0.096694954    ,	-0.064255714   ,	-0.13806823    ,	-0.1200774     ,	-0.0631135     ,	0.021990035    ,	0.13038075     ,	0.027707225    ,	-0.06471853     ],
	[ 0.09300882     ,	0.085629635    ,	0.16357018     ,	0.054867484    ,	-0.044287357   ,	-0.12258903    ,	0.15705849     ,	-0.0717523     ,	0.047496647    ,	-0.00044757136 ,	0.0506699      ,	0.12288626     ,	0.04013476     ,	0.023156464    ,	0.07222289     ,	-0.06709145    ,	-0.016583709   ,	-0.070288226   ,	-0.03016013    ,	-0.16934021    ,	0.004665596    ,	0.063326865    ,	-0.07095295    ,	-0.0850053      ],
	[ -0.03156703    ,	0.18221188     ,	0.25893816     ,	0.09000322     ,	-0.020283299   ,	-0.028620793   ,	-0.058239046   ,	0.0067694345   ,	-0.067914255   ,	-0.0005602724  ,	-0.054913767   ,	0.13911898     ,	-0.024328556   ,	0.035773892    ,	-0.009196134   ,	0.0017510959   ,	-0.09444701    ,	-0.13361809    ,	-0.10145539    ,	-0.07731884    ,	0.037618205    ,	-0.1991758     ,	0.1494465      ,	0.082493186     ],
	[ -0.068045504   ,	0.07406018     ,	0.2806678      ,	0.117472254    ,	0.14710107     ,	-0.10740871    ,	-0.04418658    ,	0.08412791     ,	0.013012214    ,	-0.0006646694  ,	0.06401183     ,	0.16261272     ,	0.035560478    ,	-0.08578355    ,	-0.109935075   ,	-0.11804204    ,	0.0045397966   ,	-0.14959449    ,	-0.0066818385  ,	-0.0060723564  ,	0.13045445     ,	-0.12924197    ,	0.053956557    ,	0.15519997      ],
	[ -0.13112739    ,	0.1164037      ,	0.27008107     ,	0.023867331    ,	0.06962932     ,	-0.21280582    ,	-0.08696304    ,	0.026616009    ,	-0.09086513    ,	-0.00067033776 ,	0.10794905     ,	0.18608852     ,	-0.09760962    ,	-0.020040825   ,	-0.13333341    ,	-0.111430936   ,	-0.043890353   ,	-0.026018145   ,	0.054707132    ,	-0.05534804    ,	0.12282068     ,	-0.06921488    ,	0.15841039     ,	0.10512278      ],
	[ -0.07750072    ,	-0.00682098    ,	0.046039004    ,	0.096729584    ,	0.0024242406   ,	-0.1112422     ,	-0.053316824   ,	0.12216046     ,	-0.04333703    ,	-0.00056676264 ,	0.104724124    ,	0.09103327     ,	-0.09508671    ,	-0.20979561    ,	-0.07031795    ,	-0.0070477664  ,	0.11697879     ,	-0.075541735   ,	-0.068551265   ,	-0.04925102    ,	0.23959081     ,	-0.14471087    ,	0.10883712     ,	0.16034557      ],
	[ -0.100027435   ,	-0.07470146    ,	-0.09474453    ,	-0.0035122794  ,	0.0014082831   ,	-0.21380655    ,	-0.08876578    ,	-0.032523837   ,	0.027140735    ,	-0.00034777648 ,	0.27749568     ,	0.07004431     ,	-0.088659346   ,	-0.020704478   ,	0.20224337     ,	-0.10724084    ,	-0.06395861    ,	-0.14218992    ,	0.055951335    ,	-0.06033824    ,	-0.008714809   ,	-0.09351638    ,	0.11998887     ,	0.1278076       ],
	[ -0.0683674     ,	-0.012487075   ,	-0.106851      ,	0.08951586     ,	0.06907314     ,	0.019583037    ,	0.20533288     ,	0.100268066    ,	0.28322592     ,	-0.00023498414 ,	0.2677203      ,	-0.16965422    ,	-0.25813806    ,	-0.021154324   ,	0.0891303      ,	-0.16832748    ,	-0.118845806   ,	-0.13805288    ,	0.15511762     ,	-0.094854556   ,	-0.046302423   ,	-0.17458558    ,	-0.013315873   ,	0.03991225      ],
	[ -0.034686502   ,	0.12664852     ,	-0.014913448   ,	-0.031905465   ,	-0.061104268   ,	-0.030323494   ,	0.07561633     ,	-0.17692025    ,	-0.051364478   ,	-0.00019070515 ,	0.0065070176   ,	0.1286981      ,	-0.11692987    ,	0.15530905     ,	0.06296493     ,	0.004732866    ,	0.09824368     ,	-0.16736427    ,	-0.082543485   ,	0.014942779    ,	0.031968355    ,	0.03700309     ,	-0.10715696    ,	0.05021278      ],
	[ -0.016960181   ,	-0.06592613    ,	0.015416795    ,	0.050092224    ,	-0.061365202   ,	-0.061511576   ,	0.19149913     ,	-0.2054765     ,	0.022244506    ,	-0.0002908322  ,	0.001983005    ,	-0.050522607   ,	-0.047790863   ,	0.023107145    ,	-0.016305218   ,	-0.10459253    ,	0.039173946    ,	-0.17317511    ,	-0.036104877   ,	-0.10813905    ,	0.059087735    ,	-0.022546202   ,	-0.055426307   ,	-0.011930766    ],
	[ 0.025788164    ,	0.0506981      ,	-0.018436352   ,	0.025675504    ,	0.07934164     ,	-0.10752906    ,	0.14727432     ,	-0.19081327    ,	-0.092131965   ,	-0.00049579865 ,	0.01471247     ,	0.107376814    ,	0.024684785    ,	-0.0005175124  ,	0.13625976     ,	-0.16438779    ,	0.005501016    ,	-0.06458238    ,	-0.085645296   ,	-0.021989131   ,	0.15250593     ,	-0.08578862    ,	-0.0025213906  ,	0.15834996      ],
	[ 0.020970697    ,	0.06697238     ,	0.06227189     ,	-0.01975538    ,	0.28078076     ,	-0.052174233   ,	0.06550783     ,	-0.3218342     ,	-0.14052853    ,	-0.00042885193 ,	0.036927857    ,	0.102620766    ,	-0.00885719    ,	0.13845181     ,	0.033625606    ,	-0.24426483    ,	0.0763738      ,	-0.01872165    ,	0.13402465     ,	0.061253715    ,	0.101834655    ,	-0.013400596   ,	-0.057545915   ,	0.03796225      ],
	[ 0.005162477    ,	-0.035188776   ,	-0.098403454   ,	0.10522783     ,	0.28492147     ,	-0.017661108   ,	0.04030299     ,	-0.1559914     ,	0.04420986     ,	-0.00042639914 ,	0.0080042565   ,	0.13029335     ,	0.030686647    ,	-0.039110854   ,	0.09691164     ,	-0.2608175     ,	0.08300328     ,	0.081043474    ,	0.19218089     ,	0.050217543    ,	-0.026215995   ,	-0.16375984    ,	0.07700668     ,	-0.07663099     ],
	[ 0.06012898     ,	0.16068323     ,	-0.00850329    ,	-0.08442319    ,	0.30628073     ,	0.13517977     ,	-0.074596494   ,	-0.14086132    ,	-0.015885007   ,	-0.00036731016 ,	0.034519542    ,	-0.029488536   ,	0.15256238     ,	0.053999923    ,	-0.087467775   ,	-0.21567395    ,	0.084656805    ,	0.04830374     ,	0.09159708     ,	-0.036346357   ,	-0.20633504    ,	0.03416735     ,	-0.15473327    ,	0.06910595      ],
	[ 0.053221382    ,	0.07851544     ,	-0.058662534   ,	0.082050286    ,	0.2736927      ,	0.10246573     ,	-0.05008204    ,	-0.09803506    ,	0.0012242267   ,	-0.00018461561 ,	0.005799154    ,	0.06139948     ,	0.13171002     ,	0.019373905    ,	0.1955116      ,	-0.01780689    ,	0.07545976     ,	0.009251202    ,	-0.028810525   ,	0.08608992     ,	-0.20686944    ,	0.09666266     ,	-0.20850736    ,	0.0921856       ],
	[ -0.032394335   ,	0.08846181     ,	-0.008062373   ,	-0.13453963    ,	0.23650452     ,	0.14916019     ,	-0.1740365     ,	0.07285207     ,	-0.02979971    ,	-6.1747836e-05 ,	0.0052087097   ,	-0.08515589    ,	0.05247775     ,	-0.07341878    ,	0.08759785     ,	0.12001139     ,	0.07958925     ,	-0.066624105   ,	-0.17589599    ,	0.12733787     ,	-0.12280071    ,	0.17448685     ,	-0.27523342    ,	-0.01351583     ],
	[ 0.07929001     ,	0.05188654     ,	0.16087815     ,	-0.07256455    ,	-0.030405384   ,	0.017129436    ,	0.018352726    ,	0.048117816    ,	0.12810114     ,	6.6214154e-05  ,	0.1967405      ,	0.008591401    ,	-0.011686233   ,	0.025806813    ,	0.13437982     ,	0.07355967     ,	0.098030515    ,	-0.1581981     ,	-0.28502017    ,	0.21856473     ,	-0.12457817    ,	0.07401179     ,	-0.3450971     ,	-0.08682511     ],
	[ 0.02126459     ,	0.1402233      ,	0.14992562     ,	-0.031189287   ,	0.1458586      ,	0.021946989    ,	0.12408751     ,	0.097909115    ,	0.21942768     ,	6.2131534e-05  ,	0.15735777     ,	-0.08848821    ,	-0.22773945    ,	0.07368633     ,	-0.047651015   ,	0.11844465     ,	0.12467052     ,	-0.18389705    ,	-0.030492045   ,	0.14394295     ,	-0.0005533924  ,	-0.03707047    ,	-0.15748273    ,	-0.009358466    ],
	[ 0.061575282    ,	-0.10504786    ,	0.0052121687   ,	0.105341695    ,	-0.11080733    ,	-0.11325102    ,	0.26327255     ,	-0.25648323    ,	0.048410513    ,	-0.00022539533 ,	0.15341587     ,	-0.015799316   ,	-0.111861885   ,	0.09903893     ,	0.2263828      ,	-0.20117301    ,	0.048679646    ,	-0.044651154   ,	-0.15982392    ,	0.0981323      ,	0.08277856     ,	0.057130765    ,	-0.034820367   ,	0.07281993      ],
	[ -0.0058268216  ,	-0.127916      ,	-0.1255365     ,	0.07913882     ,	0.03438695     ,	-0.0003717063  ,	0.1270598      ,	-0.082372345   ,	-0.09840774    ,	-0.0004323568  ,	0.078126736    ,	0.007940689    ,	0.09733802     ,	0.06250119     ,	0.014996883    ,	-0.05381734    ,	0.03326717     ,	0.034168042    ,	-0.00046557223 ,	-0.08689395    ,	0.13516118     ,	-0.039864093   ,	-0.02353809    ,	0.051247373     ],
	[ 0.029912755    ,	-0.20959635    ,	-0.1666864     ,	0.10092702     ,	0.024792338    ,	0.11804061     ,	0.03710596     ,	-0.10493608    ,	-0.021550085   ,	-0.00047754738 ,	0.07164435     ,	-0.055620793   ,	-0.0059770513  ,	-0.12936915    ,	0.11900885     ,	-0.06733627    ,	0.029355545    ,	0.12447816     ,	0.12005819     ,	0.08031064     ,	0.10313942     ,	0.010710767    ,	-0.030898461   ,	0.10065193      ],
	[ 0.08540696     ,	-0.1756401     ,	-0.09110219    ,	0.1004765      ,	0.022261707    ,	0.077645004    ,	-0.088696666   ,	-0.18760818    ,	0.065705806    ,	-0.00040944846 ,	0.051007815    ,	-0.08260698    ,	0.090420894    ,	0.04639534     ,	0.09244976     ,	0.05418398     ,	0.11150549     ,	0.21097364     ,	0.027255252    ,	0.082179286    ,	0.00053485064  ,	-0.011976705   ,	-0.14230718    ,	0.055294845     ],
	[ 0.10182876     ,	-0.2033934     ,	-0.10763869    ,	-0.046377607   ,	-0.03835438    ,	0.113653846    ,	0.038333394    ,	-0.09195227    ,	0.15452066     ,	-0.00029548994 ,	-0.0022564884  ,	-0.013108701   ,	0.06535737     ,	0.08276387     ,	0.21131478     ,	0.103079066    ,	0.1524886      ,	0.16623498     ,	0.040701456    ,	0.040714324    ,	-0.02912998    ,	0.040076274    ,	-0.033887677   ,	-0.20543903     ],
	[ 0.1300759      ,	-0.23412208    ,	-0.060704183   ,	-0.016147193   ,	-0.04851923    ,	0.16253728     ,	-0.119444706   ,	-0.15709046    ,	0.1517627      ,	-0.00044178468 ,	0.21074633     ,	-0.019100768   ,	-0.047702126   ,	0.045225028    ,	0.38360226     ,	0.012810952    ,	0.0400888      ,	0.044032294    ,	0.11974363     ,	0.03973583     ,	-0.12077367    ,	0.15606727     ,	0.016940024    ,	-0.23653017     ],
	[ -0.0013003298  ,	-0.18996683    ,	-0.08464989    ,	0.18756834     ,	0.060720943    ,	0.05220307     ,	0.07206089     ,	-0.074670084   ,	0.0016069936   ,	-0.00018863323 ,	0.0076436005   ,	0.02361118     ,	-0.15624142    ,	0.08348238     ,	0.098230675    ,	-0.029117836   ,	0.16123055     ,	0.095360644    ,	0.033219434    ,	-0.09990912    ,	-0.13593298    ,	0.2581377      ,	0.06260185     ,	-0.15591788     ],
	[ 0.0034368532   ,	-0.2252653     ,	0.023560565    ,	0.29313394     ,	0.2141618      ,	0.08093383     ,	-0.0037992022  ,	-0.037840884   ,	0.009161167    ,	3.6729598e-05  ,	0.11728168     ,	0.018965468    ,	0.09290123     ,	-0.037976496   ,	0.04785643     ,	-0.1304659     ,	-0.058821432   ,	0.02881265     ,	-0.090265505   ,	0.08604289     ,	-0.045904543   ,	0.15522976     ,	0.090848655    ,	-0.027060673    ],
	[ -0.0464669     ,	-0.054733016   ,	0.016566858    ,	0.1780174      ,	-0.051924203   ,	0.094881296    ,	0.05806868     ,	-0.20237838    ,	-0.030433996   ,	4.0670082e-05  ,	0.06407954     ,	0.17556748     ,	-0.07173459    ,	0.16060974     ,	-0.03171632    ,	-0.039706685   ,	0.0998564      ,	-0.04916099    ,	-0.0860813     ,	0.02871408     ,	0.030075666    ,	0.09797352     ,	0.05805742     ,	0.059626266     ],
	[ -0.026590146   ,	-0.06290886    ,	0.06371739     ,	0.044153787    ,	-0.17601821    ,	0.122565135    ,	0.2472566      ,	-0.09307295    ,	0.03271173     ,	4.702866e-05   ,	-0.12020385    ,	0.21167758     ,	0.01621991     ,	0.054934803    ,	-0.12081354    ,	0.15238771     ,	0.3018739      ,	-0.027551727   ,	-0.101224616   ,	0.09738163     ,	0.19465849     ,	-0.088496365   ,	-0.14960156    ,	0.02451277      ],
	[ 0.038920708    ,	-0.121832855   ,	-0.10954518    ,	0.048776004    ,	-0.2374137     ,	-0.004428226   ,	0.15694681     ,	0.052816875    ,	0.16729702     ,	-0.00026851584 ,	0.103522904    ,	0.05229306     ,	0.041910753    ,	-0.023228396   ,	0.110991195    ,	-0.09620083    ,	-0.092914365   ,	-0.021813864   ,	-0.05867516    ,	0.098402075    ,	0.06341006     ,	-0.0106549105  ,	-0.03737819    ,	0.054894045     ],
	[ 0.0787065      ,	-0.24945419    ,	-0.06764349    ,	-0.09418115    ,	-0.13521886    ,	0.00016335507  ,	0.09490192     ,	0.17551589     ,	0.16171384     ,	-0.00046451823 ,	0.026799077    ,	0.04229278     ,	0.060338832    ,	-0.09363256    ,	0.008195562    ,	-0.038292307   ,	-0.030232208   ,	0.00079072133  ,	0.053696882    ,	0.09954101     ,	0.028931875    ,	0.048589725    ,	-0.029985871   ,	0.050397154     ],
	[ 0.03175662     ,	-0.1854574     ,	-0.087129645   ,	0.059918594    ,	-0.13954344    ,	0.11110329     ,	-0.05569917    ,	0.046710003    ,	0.23869891     ,	-0.00024415355 ,	-0.023165377   ,	-0.066369474   ,	0.02322004     ,	-0.08108387    ,	-0.047255978   ,	0.09848378     ,	-0.049315717   ,	0.17166281     ,	0.16429576     ,	0.053240705    ,	-0.080565125   ,	-0.039213557   ,	-0.17381029    ,	-0.07768125     ],
	[ 0.109083965    ,	-0.25898165    ,	0.09406043     ,	-0.22594097    ,	-0.13592032    ,	0.33823654     ,	-0.06717478    ,	0.2695141      ,	0.010119187    ,	-0.00024979797 ,	-0.024829753   ,	-0.013103196   ,	-0.027180891   ,	0.0027731317   ,	-0.019133054   ,	0.12567936     ,	0.06572601     ,	0.08483898     ,	-0.020871183   ,	-0.046537343   ,	-0.032126144   ,	-0.01913782    ,	-0.044860348   ,	-0.013752449    ],
	[ 0.010182446    ,	-0.19403929    ,	0.11700887     ,	-0.16181368    ,	-0.25631893    ,	0.106785096    ,	0.03136711     ,	0.16266963     ,	0.20128068     ,	-0.00022122399 ,	0.088562086    ,	-0.032531418   ,	-0.0618299     ,	-0.035743706   ,	-0.0519408     ,	0.12868696     ,	-0.032657053   ,	0.006047008    ,	-0.2075547     ,	0.04653274     ,	-0.014587237   ,	-0.002188437   ,	0.09868909     ,	-0.042011704    ],
	[ 0.14339483     ,	-0.20511757    ,	0.08313401     ,	0.036433507    ,	-0.19700846    ,	-0.023069799   ,	0.06251755     ,	0.010326587    ,	0.0027943964   ,	-0.00028406974 ,	0.08336456     ,	0.10430987     ,	-0.12309887    ,	-0.065533265   ,	0.053272102    ,	-0.0071446253  ,	0.04404445     ,	0.20776951     ,	-0.2404301     ,	0.24373148     ,	-0.019161286   ,	0.20724782     ,	0.25732526     ,	-0.06572263     ],
	[ 0.13927843     ,	-0.13386302    ,	0.21417423     ,	0.13983566     ,	0.09864941     ,	0.0070730685   ,	0.057208326    ,	-0.024049066   ,	0.007296104    ,	0.00010407182  ,	-0.026004467   ,	0.07797468     ,	-0.10467038    ,	0.08357201     ,	-0.10880234    ,	-0.06890854    ,	0.04564567     ,	0.06847941     ,	-0.07428436    ,	0.032260302    ,	0.08668836     ,	-0.029804476   ,	0.0385777      ,	-0.20680754     ],
	[ -0.041285668   ,	-0.071920104   ,	0.029948708    ,	0.13167912     ,	0.114115715    ,	-0.12125384    ,	0.053026967    ,	-0.016095836   ,	-0.16949773    ,	0.00011150089  ,	-0.10688085    ,	-0.012825876   ,	0.069939695    ,	0.037730616    ,	-0.023438178   ,	-0.10670047    ,	0.108178146    ,	0.041901357    ,	-0.023317501   ,	-0.012925755   ,	-0.11555102    ,	0.10687833     ,	-0.096693344   ,	-0.024874609    ],
	[ -0.023601755   ,	-0.14421195    ,	-0.001727979   ,	0.20689984     ,	-0.042876564   ,	-0.12184591    ,	0.09070913     ,	-0.06076638    ,	0.00034543144  ,	-8.854677e-05  ,	-0.11924879    ,	0.042340353    ,	0.09842904     ,	-0.01724553    ,	-0.055311494   ,	0.034384       ,	0.07240308     ,	0.20180292     ,	-0.027987726   ,	0.109334946    ,	-0.2040849     ,	0.16168888     ,	0.19053547     ,	0.087769374     ],
	[ 0.09879009     ,	-0.07421348    ,	-0.006792493   ,	-0.0040948256  ,	-0.046920586   ,	-0.067041755   ,	0.09457381     ,	-0.031039147   ,	0.082815796    ,	-9.8073906e-05 ,	-0.29255277    ,	0.1485418      ,	0.11250689     ,	0.057926893    ,	-0.09142701    ,	0.20651653     ,	0.06982201     ,	0.08336713     ,	-0.04495635    ,	-0.018041965   ,	0.006114158    ,	0.15627217     ,	0.09458648     ,	-0.19664553     ],
	[ 0.10235851     ,	-0.09093676    ,	-0.075499706   ,	0.084538065    ,	-0.1373758     ,	-0.03510072    ,	0.16311589     ,	0.12849604     ,	0.17922327     ,	-0.00023320236 ,	0.03666122     ,	0.008904004    ,	-0.06468345    ,	0.017759882    ,	0.06528954     ,	0.08268315     ,	-0.0043130857  ,	0.026113626    ,	-0.03527056    ,	0.10174864     ,	0.00686297     ,	0.011898445    ,	-0.05678213    ,	0.15312575      ],
	[ -0.0023185532  ,	0.037593435    ,	0.0034302971   ,	-0.06747524    ,	-0.21674842    ,	-0.010702662   ,	-0.09007385    ,	0.17969914     ,	0.1760531      ,	-0.00031903776 ,	-0.12984289    ,	0.1109114      ,	0.017659463    ,	-0.12413947    ,	0.11217132     ,	0.049318213    ,	-0.06546449    ,	0.050907947    ,	0.1752786      ,	0.15439124     ,	-0.026394196   ,	0.045903146    ,	-0.110594854   ,	0.08463381      ],
	[ 0.092510365    ,	0.010481968    ,	0.12416308     ,	-0.09607492    ,	-0.23919979    ,	0.1286857      ,	-0.107389174   ,	0.09402499     ,	0.13635506     ,	-0.00013106433 ,	-0.22008842    ,	-0.005856877   ,	-0.0046009673  ,	-0.06881109    ,	-0.04382919    ,	-0.09901446    ,	-0.06023619    ,	0.10447404     ,	0.2691055      ,	0.15671447     ,	-0.08501257    ,	-0.134897      ,	-0.25678223    ,	-0.063671134    ],
	[ -0.0058907773  ,	-0.035503786   ,	0.13297929     ,	-0.2948317     ,	-0.15893686    ,	0.08803232     ,	-0.11346143    ,	0.15110722     ,	0.14113274     ,	6.904944e-05   ,	-0.06279524    ,	0.04921644     ,	0.16506232     ,	-0.057940446   ,	-0.27172336    ,	-0.08655485    ,	-0.05981828    ,	-0.05144916    ,	0.066038504    ,	0.04830724     ,	0.11907773     ,	-0.191369      ,	-0.28018254    ,	-0.055945095    ],
	[ -0.016056312   ,	0.023239652    ,	0.08310644     ,	-0.19511159    ,	-0.26125887    ,	-0.13882658    ,	-0.034137223   ,	0.15774637     ,	-0.06297109    ,	-6.375191e-05  ,	-0.037636835   ,	-0.012251187   ,	-0.0065216813  ,	0.11799225     ,	-0.060733706   ,	-0.3104769     ,	-0.22089168    ,	0.0458719      ,	-0.25403443    ,	0.064350724    ,	0.105762325    ,	-0.012668049   ,	-0.23797923    ,	-0.065434754    ],
	[ -0.017650718   ,	-0.054222323   ,	-0.04241284    ,	-0.038535945   ,	-0.21031056    ,	-0.29223123    ,	0.054770976    ,	0.064667575    ,	0.048633277    ,	1.6645474e-05  ,	0.040225897    ,	0.12051654     ,	-0.20993014    ,	0.18038918     ,	-0.01054421    ,	-0.41758862    ,	-0.15728371    ,	0.025751596    ,	-0.25367934    ,	0.15927778     ,	-0.0045826146  ,	0.20473397     ,	-0.070532136   ,	0.0107534025    ],
	[ 0.17679995     ,	-0.18715483    ,	0.08942127     ,	0.076087885    ,	-0.038035728   ,	-0.23768277    ,	0.25446278     ,	0.036311682    ,	0.1678657      ,	0.00023068344  ,	0.064034894    ,	0.05334272     ,	-0.092107356   ,	0.21824202     ,	-0.09675488    ,	-0.34143132    ,	-0.11303839    ,	-0.025295384   ,	-0.05239575    ,	0.115815364    ,	-0.20387886    ,	-0.009539775   ,	0.13919833     ,	0.08405787      ],
	[ 0.09050879     ,	-0.08166773    ,	-0.049134143   ,	-0.06396509    ,	0.061642803    ,	-0.12673806    ,	0.11402911     ,	-0.057752978   ,	-0.0391832     ,	-2.8291432e-05 ,	-0.0014166965  ,	0.03179581     ,	0.013044193    ,	-0.05992231    ,	-0.0005938241  ,	-0.16946483    ,	0.110083126    ,	-0.05038554    ,	0.13693528     ,	0.042114705    ,	-0.45450467    ,	0.011762945    ,	0.08886759     ,	0.0007029674    ],
	[ 0.05529721     ,	0.025098577    ,	0.044712793    ,	0.22961095     ,	0.1963429      ,	0.008402775    ,	-0.060905788   ,	0.017969044    ,	0.086469054    ,	-0.00028630503 ,	-0.10194819    ,	-0.07232235    ,	0.22947365     ,	-0.22534259    ,	-0.10365943    ,	0.2300889      ,	0.08020347     ,	0.044566434    ,	0.07072109     ,	0.08187355     ,	-0.30342743    ,	-0.051149692   ,	0.098408796    ,	-0.06876912     ],
	[ 0.19804834     ,	-0.030925097   ,	-0.11161216    ,	0.07148493     ,	0.03149506     ,	0.0015335388   ,	-0.17220142    ,	0.08915041     ,	0.07531974     ,	-0.00037368154 ,	-0.195614      ,	0.1804293      ,	0.13434966     ,	-0.05716031    ,	-0.014884398   ,	0.39474997     ,	-0.0093084     ,	0.23498231     ,	-0.19050848    ,	0.069493614    ,	-0.15052427    ,	0.11425783     ,	0.3005165      ,	-0.2158706      ],
	[ 0.0779066      ,	0.25323966     ,	-0.09824391    ,	-0.045898817   ,	0.026192572    ,	-0.05546965    ,	0.017240059    ,	0.17355108     ,	0.023396911    ,	-0.00012834356 ,	-0.07670414    ,	0.027638422    ,	-0.12009376    ,	-0.030507272   ,	0.18203744     ,	0.08235634     ,	-0.07772052    ,	0.038896136    ,	0.017904336    ,	0.036843054    ,	-0.041252386   ,	0.020359576    ,	0.044910498    ,	-0.09287865     ],
	[ -0.017670145   ,	0.22654696     ,	0.08410132     ,	-0.12204112    ,	0.05979294     ,	0.04644965     ,	0.010143592    ,	0.16393533     ,	0.02113543     ,	-0.00022423615 ,	-0.101066224   ,	0.076965936    ,	-0.07430244    ,	-0.012598489   ,	0.047621094    ,	0.14026174     ,	0.0447756      ,	0.019076578    ,	0.251566       ,	0.06792263     ,	-0.017198859   ,	-0.11058663    ,	-0.04689475    ,	-0.08261831     ],
	[ 0.116170175    ,	0.13877667     ,	-0.058341194   ,	-0.03041128    ,	-0.093304165   ,	-0.0599918     ,	0.114532635    ,	0.04840983     ,	0.11133757     ,	0.00012087132  ,	-0.15958172    ,	0.069420226    ,	0.13194107     ,	0.0042428407   ,	-0.020573324   ,	-0.062093206   ,	0.011885467    ,	-0.06080736    ,	0.33514792     ,	0.10251595     ,	0.07789873     ,	-0.28941134    ,	0.011199996    ,	-0.20737031     ],
	[ 0.03735986     ,	-0.0075832987  ,	-0.020625422   ,	0.09728452     ,	0.087142475    ,	0.18707639     ,	0.03194424     ,	0.019995851    ,	-0.24595927    ,	0.00042342237  ,	-0.2275383     ,	-0.03736172    ,	0.11940829     ,	0.12081545     ,	-0.034263838   ,	0.027906744    ,	0.045111213    ,	-0.11477152    ,	0.10117847     ,	0.053246535    ,	0.26960927     ,	-0.059183042   ,	-0.19424643    ,	-0.28971526     ],
	[ -0.15153264    ,	0.14430563     ,	-0.34762293    ,	-0.20741998    ,	-0.055266686   ,	0.025265865    ,	-0.06876272    ,	-0.006091894   ,	-0.23348723    ,	0.00026440673  ,	0.056259677    ,	0.008829024    ,	-0.07077887    ,	-0.0018661058  ,	0.16748604     ,	-0.36570495    ,	-0.06595535    ,	-0.07873249    ,	-0.11055773    ,	0.11941784     ,	0.055100467    ,	0.17737035     ,	-0.4245046     ,	-0.077172756    ],
	[ -0.29235026    ,	0.13262503     ,	-0.40766263    ,	-0.07141859    ,	-0.17029743    ,	-0.19961254    ,	-0.026600638   ,	-0.03085673    ,	0.07497259     ,	0.00027164834  ,	0.19346024     ,	0.13346893     ,	-0.2735231     ,	0.15610664     ,	0.10087341     ,	-0.42883748    ,	0.024131853    ,	0.009430517    ,	-0.15149541    ,	0.09005244     ,	-0.08777451    ,	-0.025209926   ,	-0.3912311     ,	0.20459048      ],
	[ -0.022653338   ,	-0.178844      ,	-0.15316935    ,	0.075640336    ,	-0.055068597   ,	0.027534522    ,	0.027798263    ,	0.03054799     ,	0.1498118      ,	0.00017121295  ,	0.16943407     ,	-0.046192043   ,	0.024425538    ,	0.25493747     ,	-0.035379946   ,	-0.0551244     ,	-0.09150709    ,	-0.14709899    ,	-0.19001734    ,	0.116057806    ,	-0.17788246    ,	-0.053208813   ,	-0.14775449    ,	0.15831028      ],
	[ -0.006476829   ,	-0.15956907    ,	-0.054457378   ,	0.097654365    ,	-0.091479845   ,	-0.16373718    ,	-0.008350284   ,	0.0026040277   ,	0.18361594     ,	-0.0001727029  ,	-0.012769032   ,	-0.12664416    ,	-0.030372206   ,	0.0013786649   ,	-0.08755734    ,	0.047790635    ,	0.052176617    ,	0.038377386    ,	0.070845515    ,	0.17320146     ,	-0.40119138    ,	0.053365745    ,	-0.2709662     ,	0.023667395     ],
	[ 0.026252776    ,	-0.11966484    ,	-0.0569019     ,	0.14828628     ,	0.11091222     ,	-0.12324415    ,	-0.034248      ,	0.07596555     ,	0.14612707     ,	-0.00026523427 ,	-0.005413244   ,	-0.18997778    ,	0.14663805     ,	0.046324626    ,	-0.15753531    ,	0.22212592     ,	0.109603584    ,	0.042360067    ,	0.1180395      ,	0.24453077     ,	-0.16533905    ,	-0.08190471    ,	-0.1338208     ,	-0.06895974     ],
	[ 0.06421329     ,	-0.062358145   ,	0.01206427     ,	0.1627686      ,	0.1796711      ,	-0.068078436   ,	-0.15357533    ,	0.23513277     ,	-0.037419762   ,	-0.00037745707 ,	-0.14441533    ,	-0.055769447   ,	0.15402764     ,	-0.0074653747  ,	0.050014716    ,	0.36332455     ,	-0.20533068    ,	0.035107385    ,	-0.02497572    ,	0.17422827     ,	-0.009349871   ,	-0.09650706    ,	0.15083921     ,	-0.18334629     ],
	[ 0.10156461     ,	0.19483295     ,	0.027788818    ,	0.040205736    ,	0.1038385      ,	-0.060503855   ,	0.10577726     ,	0.025194788    ,	-0.011684683   ,	-9.7618606e-05 ,	-0.15172097    ,	-0.022676297   ,	-0.00016531143 ,	0.13136275     ,	0.06259822     ,	-0.087798975   ,	0.009202271    ,	-0.060881272   ,	0.009937263    ,	-0.06634505    ,	0.07557975     ,	-0.081276394   ,	0.10641984     ,	-0.033625234    ],
	[ -0.029364135   ,	0.24953824     ,	0.12677157     ,	0.016953455    ,	0.1808947      ,	-0.022842854   ,	0.06432888     ,	0.110831894    ,	-0.020050637   ,	-0.0002446807  ,	-0.093650095   ,	-0.051712036   ,	0.053124588    ,	0.19368657     ,	-0.065025      ,	-0.01380555    ,	-0.0021093227  ,	-0.11694152    ,	0.1065806      ,	-0.06074403    ,	0.091166876    ,	-0.1395051     ,	0.09756042     ,	-0.11486896     ],
	[ 0.07971533     ,	0.25874725     ,	0.16020104     ,	0.021368494    ,	0.04079411     ,	0.11427319     ,	-0.0886316     ,	0.15825808     ,	0.042174567    ,	3.68915e-05    ,	-0.23883998    ,	-0.112479284   ,	0.055201113    ,	0.17475624     ,	-0.0070023527  ,	0.1581854      ,	0.009768559    ,	-0.123317994   ,	0.30862108     ,	-0.029435653   ,	0.051061045    ,	-0.2193835     ,	0.15902968     ,	-0.1800874      ],
	[ -0.037886266   ,	0.12642911     ,	-0.09721157    ,	0.01127847     ,	0.128501       ,	0.3812682      ,	-0.025208049   ,	0.2056969      ,	-0.37877175    ,	0.00015340398  ,	-0.17282994    ,	-0.028276468   ,	0.22283965     ,	0.0055854614   ,	-0.17838387    ,	0.20958121     ,	0.005859748    ,	-0.092455156   ,	0.08773681     ,	-0.12802024    ,	0.0023829632   ,	0.17708178     ,	0.18292114     ,	-0.04040287     ],
	[ -0.14850171    ,	0.15676789     ,	-0.4113242     ,	-0.23637214    ,	-0.06718375    ,	0.29518676     ,	-0.09837358    ,	-0.13757809    ,	-0.09456938    ,	0.00022765505  ,	-0.014165812   ,	0.21038428     ,	-0.1460895     ,	-0.28109807    ,	-0.10803595    ,	0.11678532     ,	0.2100122      ,	-0.08364079    ,	-0.140098      ,	0.16071771     ,	-0.1068782     ,	0.2753092      ,	0.09188341     ,	0.1360792       ],
	[ -0.24633764    ,	0.20014957     ,	-0.34290951    ,	0.053813968    ,	-0.06334446    ,	0.15360107     ,	0.0045774225   ,	-0.011892124   ,	0.03818737     ,	0.00034288975  ,	-0.04373506    ,	0.113975115    ,	-0.095128186   ,	-0.19657433    ,	-0.18569787    ,	-0.042697705   ,	0.17298715     ,	0.043809406    ,	-0.1901948     ,	0.12452785     ,	-0.15839544    ,	-0.075600035   ,	0.021337304    ,	0.17210919      ],
	[ -0.056346457   ,	-0.15047595    ,	-0.19740956    ,	0.08696239     ,	0.11481516     ,	0.19454823     ,	0.008188644    ,	-0.018349119   ,	0.006900728    ,	0.00012621307  ,	-0.027747491   ,	0.00049790414  ,	0.031590536    ,	0.09310579     ,	-0.29087368    ,	-0.030599294   ,	-0.038373217   ,	-0.04589535    ,	-0.25068188    ,	0.05637883     ,	-0.19134219    ,	-0.021484235   ,	-0.02967614    ,	0.15204671      ],
	[ -0.09065871    ,	-0.032084886   ,	0.03531639     ,	0.10555347     ,	0.08795252     ,	-0.05412576    ,	0.02326166     ,	0.15143706     ,	0.069509715    ,	-0.00014010713 ,	-0.05132404    ,	-0.25686672    ,	0.19381018     ,	0.09647726     ,	-0.30243295    ,	0.13828284     ,	0.019035213    ,	-0.12578736    ,	-0.08307692    ,	0.08266836     ,	-0.04157747    ,	-0.047483366   ,	-0.028150236   ,	0.12590162      ],
	[ 0.0419277      ,	-0.0023068786  ,	-0.0030719778  ,	0.1252868      ,	0.044505052    ,	-0.10101874    ,	0.08730281     ,	0.14228983     ,	0.14674576     ,	-0.00027663325 ,	-0.16221295    ,	-0.22129263    ,	0.18708573     ,	0.111982875    ,	-0.2078409     ,	0.18899083     ,	-0.0061911     ,	-0.06889864    ,	0.028001638    ,	0.17406167     ,	0.18418308     ,	-0.24191995    ,	-0.053563602   ,	0.16100745      ],
	[ -0.06969756    ,	0.025979575    ,	0.044286434    ,	0.10751401     ,	0.037857324    ,	-0.046267737   ,	-0.05966062    ,	0.23991662     ,	-0.19919713    ,	-0.00041012332 ,	0.03874466     ,	-0.10962362    ,	0.02696759     ,	0.22700831     ,	0.04844763     ,	0.17796417     ,	-0.22982402    ,	-0.07170315    ,	0.07544075     ,	-0.017426936   ,	0.3209781      ,	-0.15080167    ,	-0.08189918    ,	-0.01819094     ],
	[ -0.005827495   ,	0.16049664     ,	0.03251969     ,	0.11547424     ,	-0.01572801    ,	-0.06560431    ,	0.049732238    ,	-0.10222035    ,	-0.064760566   ,	-0.00011926354 ,	-0.05996703    ,	-0.11331897    ,	0.12183309     ,	0.036886554    ,	0.17252435     ,	0.092282854    ,	-0.037806872   ,	0.13181755     ,	0.045741145    ,	0.022772735    ,	0.12003791     ,	-0.057808015   ,	0.16476817     ,	-0.0051042573   ],
	[ 0.0075964876   ,	0.184509       ,	0.00030108288  ,	0.10430569     ,	-0.061430898   ,	0.024918085    ,	-0.039892074   ,	-0.053772435   ,	-0.009612199   ,	-0.00037357947 ,	-0.16670902    ,	-0.010476874   ,	0.12005212     ,	0.12560727     ,	-0.042692374   ,	0.10234858     ,	-0.009534161   ,	0.056112804    ,	0.021534376    ,	-0.19932678    ,	0.08862122     ,	-0.1767841     ,	0.17309773     ,	-0.003658324    ],
	[ 0.06491943     ,	0.15959316     ,	0.06706103     ,	-0.19802128    ,	-0.15393046    ,	0.11652897     ,	-0.026826903   ,	0.15822399     ,	-0.05937569    ,	-0.0002574962  ,	-0.15916114    ,	-0.07781958    ,	0.17057887     ,	0.19257757     ,	-0.01842628    ,	0.056581866    ,	-0.0026017386  ,	0.01911399     ,	-0.012892677   ,	-0.19636504    ,	-0.031114288   ,	-0.03279467    ,	0.280294       ,	-0.030780714    ],
	[ 0.043684695    ,	0.15321177     ,	0.09109803     ,	-0.12098366    ,	0.061708055    ,	0.20345        ,	0.10902729     ,	0.11647875     ,	-0.07182177    ,	-0.00031494163 ,	0.0419285      ,	-0.0019021202  ,	-0.114529796   ,	-0.18003929    ,	-0.04134672    ,	0.23141609     ,	-0.007368152   ,	-0.04845817    ,	0.09256375     ,	0.002087787    ,	-0.08244647    ,	0.41962558     ,	0.114696026    ,	-0.007362149    ],
	[ -0.031528316   ,	0.12362341     ,	0.045467418    ,	-0.14535078    ,	-0.108253635   ,	-0.04321463    ,	0.03281465     ,	0.049859487    ,	0.0960527      ,	-0.00018728085 ,	0.004496692    ,	0.052288763    ,	-0.37866375    ,	-0.18384933    ,	-0.11950605    ,	0.09134131     ,	0.12296451     ,	-0.12241724    ,	0.03806098     ,	-0.040326633   ,	0.042034447    ,	0.15758462     ,	0.2610845      ,	0.25177702      ],
	[ -0.15927853    ,	0.16366981     ,	-0.15610532    ,	0.037512094    ,	-0.04862287    ,	-0.057632416   ,	-0.027726637   ,	0.07122309     ,	0.057331372    ,	-5.5811564e-05 ,	-0.029086666   ,	-0.20726582    ,	-0.22953863    ,	-0.19317341    ,	-0.3212466     ,	0.02392942     ,	0.17495558     ,	-0.09838565    ,	-0.028507374   ,	-0.18620758    ,	0.038912356    ,	-0.008492818   ,	0.1928551      ,	0.10783993      ],
	[ -0.056212965   ,	0.08115193     ,	-0.099135056   ,	0.14373378     ,	-0.114874944   ,	-0.03464291    ,	0.07864699     ,	-0.14496537    ,	-0.050577577   ,	6.727214e-06   ,	-0.027595263   ,	-0.41927123    ,	0.048138432    ,	-0.0769272     ,	-0.17883205    ,	0.05299841     ,	0.2362703      ,	0.039098028    ,	-0.13759385    ,	-0.21418391    ,	0.012823798    ,	-0.09749085    ,	-0.0275223     ,	0.037226688     ],
	[ 0.112102486    ,	-0.0068870946  ,	0.011144719    ,	0.03805199     ,	-0.015803345   ,	0.056304343    ,	0.155669       ,	0.04266373     ,	-0.0119605865  ,	-0.00019648395 ,	-0.13910846    ,	-0.37531087    ,	0.23262036     ,	0.06798771     ,	-0.07561106    ,	0.079185344    ,	-0.0657921     ,	0.04218626     ,	-0.10679496    ,	-0.17204821    ,	0.043165836    ,	-0.06300613    ,	0.07110236     ,	0.1229631       ],
	[ 0.12713498     ,	0.002909489    ,	-0.0244113     ,	0.17068826     ,	-0.034550246   ,	0.007990212    ,	0.12950426     ,	0.14952877     ,	-0.05491849    ,	-0.0002950931  ,	0.0028117183   ,	-0.28276804    ,	0.11763526     ,	0.21425284     ,	-0.028220214   ,	0.026532097    ,	-0.26035464    ,	0.09317724     ,	-0.036792554   ,	-0.0448552     ,	0.1288533      ,	0.04241057     ,	0.035884302    ,	0.08886062      ],
	[ 0.035487574    ,	0.05711508     ,	-0.069915004   ,	0.18886766     ,	-0.108442396   ,	-0.15748961    ,	0.0014691307   ,	0.19848578     ,	-0.06041144    ,	-0.00032048565 ,	0.019799737    ,	-0.13519491    ,	0.05699627     ,	0.22103024     ,	0.08543884     ,	0.04936573     ,	-0.31903923    ,	0.047253553    ,	-0.070256114   ,	0.009810153    ,	0.26370996     ,	-0.04525087    ,	-0.0394141     ,	0.024191173     ],
	[ 0.10122548     ,	0.024496999    ,	-0.07930434    ,	0.08968785     ,	-0.026187629   ,	-0.024567874   ,	-0.028138861   ,	-0.14476112    ,	0.0067616235   ,	-0.00020328192 ,	0.087668605    ,	-0.0148203345  ,	0.106553316    ,	-0.011443671   ,	0.061404925    ,	0.10249159     ,	-0.1291407     ,	0.15147978     ,	0.011682615    ,	-0.048243687   ,	0.12328795     ,	-0.020757075   ,	0.05718445     ,	0.020086534     ],
	[ -0.053522505   ,	0.010188705    ,	0.05957675     ,	0.08135197     ,	-0.0047320374  ,	-0.06773736    ,	-0.21237466    ,	-0.051907565   ,	-0.03859511    ,	-0.00041348155 ,	0.042733394    ,	0.11556177     ,	0.110178344    ,	-0.07254533    ,	-0.03534329    ,	0.15432374     ,	-0.004993373   ,	0.21573006     ,	-0.08915991    ,	-0.22031829    ,	0.034331582    ,	0.01725017     ,	0.13754769     ,	0.08068062      ],
	[ -0.1307005     ,	0.23760965     ,	0.2342625      ,	-0.14962508    ,	-0.04328391    ,	-0.008313369   ,	-0.13178511    ,	-0.027580172   ,	-0.062057853   ,	-0.0003545494  ,	0.050497342    ,	0.017411133    ,	0.08452451     ,	0.07097477     ,	-0.064888895   ,	0.07565835     ,	-0.06735161    ,	-0.021542275   ,	0.033164613    ,	-0.34712034    ,	-0.0424699     ,	0.095912375    ,	0.24406998     ,	0.09809259      ],
	[ -0.092260376   ,	0.1371166      ,	0.08494641     ,	-0.15219335    ,	0.11140081     ,	-0.050781596   ,	-0.025582142   ,	0.16911377     ,	0.009652067    ,	-0.00047088228 ,	0.17730051     ,	-0.035221353   ,	-0.1406968     ,	0.014394889    ,	0.0035168042   ,	0.123280704    ,	-0.13114886    ,	-0.01968564    ,	0.019478122    ,	-0.22249983    ,	-0.023664577   ,	0.23817603     ,	0.17835602     ,	0.06504122      ],
	[ -0.1460069     ,	0.21685715     ,	0.056784406    ,	-0.13466312    ,	-0.11889586    ,	-0.15707928    ,	-0.020429173   ,	-0.031143872   ,	0.15287977     ,	-0.0003753001  ,	-0.03568837    ,	-0.15355736    ,	-0.3191164     ,	0.12457141     ,	-0.032218583   ,	0.14657761     ,	0.024615832    ,	-0.09337441    ,	0.18153489     ,	-0.053161602   ,	0.07918941     ,	0.060569562    ,	0.0813684      ,	0.13873538      ],
	[ -0.05208882    ,	0.052822124    ,	-0.05327788    ,	-0.02754017    ,	-0.075724065   ,	-0.1567759     ,	0.11537963     ,	-0.1410912     ,	0.03907262     ,	-0.00032375002 ,	0.022402016    ,	-0.35078958    ,	-0.0995064     ,	-0.010275774   ,	0.044788368    ,	-0.078593254   ,	0.14030536     ,	-0.06848272    ,	0.097949564    ,	-0.029421581   ,	-0.06038599    ,	-0.17260587    ,	-0.008507879   ,	0.15815821      ],
	[ 0.0730358      ,	-0.0037077677  ,	-0.11263141    ,	0.035932027    ,	-0.03212349    ,	-0.020708071   ,	0.21565364     ,	-0.14031889    ,	0.02163638     ,	-0.00010083463 ,	-0.0044079004  ,	-0.39398965    ,	0.09903998     ,	0.0936885      ,	0.08310501     ,	-0.035834935   ,	0.013453661    ,	-0.015618925   ,	0.038298156    ,	-0.1923296     ,	-0.08006727    ,	-0.24119374    ,	0.025892721    ,	0.14409651      ],
	[ 0.12426316     ,	0.11060897     ,	-0.2080571     ,	0.009917868    ,	-0.011456329   ,	0.016240038    ,	0.1309592      ,	-0.025133738   ,	-0.09971573    ,	-0.00015540246 ,	0.13269071     ,	-0.16365154    ,	0.040352337    ,	0.057810694    ,	0.08582838     ,	0.056767914    ,	-0.10080157    ,	0.0051739714   ,	-0.03263288    ,	-0.2393687     ,	-0.013909938   ,	-0.090279214   ,	-0.08469019    ,	0.0019267472    ],
	[ 0.13525751     ,	-0.04429458    ,	-0.039430354   ,	0.012920593    ,	0.10911938     ,	-0.04942015    ,	0.0029080699   ,	0.06315829     ,	-0.061538115   ,	-0.00020076362 ,	0.047539584    ,	0.025066508    ,	0.01645354     ,	0.03715521     ,	0.029737169    ,	-0.05126252    ,	-0.19050394    ,	0.1440343      ,	0.10912595     ,	-0.17711905    ,	0.034292098    ,	0.14815843     ,	-0.04634063    ,	0.04433163      ],
	[ 0.06710865     ,	-0.08768327    ,	0.042569842    ,	0.19143532     ,	-0.0607595     ,	-0.043594778   ,	-0.05666062    ,	-0.0041892733  ,	-0.2447738     ,	-0.00025341503 ,	0.02111479     ,	0.048536547    ,	0.063197434    ,	0.031222826    ,	0.10046363     ,	-0.10964775    ,	-0.23093686    ,	0.20681183     ,	0.08724039     ,	-0.14559436    ,	0.15939492     ,	0.14652301     ,	-0.09145023    ,	0.088622734     ],
	[ 0.06402493     ,	-0.12716334    ,	0.075175256    ,	0.12948842     ,	-0.01869555    ,	0.015772982    ,	0.036815904    ,	-0.12326173    ,	-0.025841134   ,	-0.00019557109 ,	0.06625213     ,	-0.073693156   ,	0.08199211     ,	-0.11563487    ,	0.22045138     ,	0.04822551     ,	-0.17119081    ,	0.07306933     ,	0.07439418     ,	-0.06509384    ,	0.06852578     ,	0.015563471    ,	0.007311557    ,	0.02650174      ],
	[ -0.042296402   ,	-0.020450123   ,	0.1300632      ,	0.16588314     ,	-0.016840696   ,	-0.05360078    ,	-0.13544199    ,	-0.09222641    ,	-0.029582959   ,	-0.0003460736  ,	0.080286905    ,	0.05089897     ,	0.06863188     ,	-0.073333584   ,	0.08650769     ,	0.13829868     ,	-0.09202066    ,	0.19955906     ,	0.077544205    ,	-0.03191625    ,	0.044721235    ,	0.15710856     ,	0.038686052    ,	0.06040984      ],
	[ -0.12548937    ,	0.06658554     ,	0.22091563     ,	0.034169577    ,	0.078090824    ,	-0.017679999   ,	-0.27855834    ,	-0.066935964   ,	-0.16464052    ,	-0.00026334077 ,	0.08620148     ,	0.07089653     ,	0.21148808     ,	-0.0923502     ,	0.012647831    ,	0.13106306     ,	-0.10395928    ,	0.15628685     ,	-0.005983513   ,	-0.30465388    ,	0.07036991     ,	0.1876655      ,	0.007953922    ,	0.1391849       ],
	[ -0.13486949    ,	-0.0927455     ,	0.3956955      ,	-0.26447836    ,	0.3117879      ,	0.15523581     ,	-0.5389014     ,	0.06891577     ,	-0.37199408    ,	-0.00038069327 ,	0.14375485     ,	0.1521404      ,	0.12554944     ,	-0.08522956    ,	-0.025895862   ,	0.19256136     ,	-0.16786198    ,	0.30222413     ,	-0.18250816    ,	-0.32709292    ,	0.09154526     ,	0.22211203     ,	0.12328724     ,	0.09248748      ],
	[ -0.15021835    ,	-0.15727317    ,	0.25233552     ,	-0.4085386     ,	0.3197728      ,	0.10774787     ,	-0.48916325    ,	-0.039680336   ,	-0.22555651    ,	-0.00032117998 ,	0.25558692     ,	0.25796697     ,	-0.21743624    ,	-0.11931771    ,	-0.10188862    ,	0.028144086    ,	-0.049610987   ,	0.23147695     ,	-0.16093889    ,	0.025390267    ,	-0.111329444   ,	0.27999863     ,	-0.03510104    ,	0.138249        ],
	[ 0.017804317    ,	-0.19516122    ,	-0.0002958558  ,	-0.31817597    ,	0.3297966      ,	0.32542467     ,	-0.2585292     ,	0.010028822    ,	-0.225791      ,	-0.00017891556 ,	0.16794963     ,	0.24215344     ,	-0.10786483    ,	-0.15271394    ,	-0.18840225    ,	-0.06849113    ,	0.013718811    ,	0.18880613     ,	-0.23233524    ,	0.2157221      ,	-0.13540183    ,	-0.12646657    ,	-0.1431794     ,	0.33673114      ],
	[ 0.118832424    ,	-0.18761186    ,	-0.02094709    ,	-0.28329518    ,	0.26285437     ,	0.15856647     ,	-0.01107637    ,	-0.00046638586 ,	-0.019973863   ,	3.6702504e-06  ,	0.18218605     ,	0.32127187     ,	-0.065436296   ,	-0.19605334    ,	-0.17192602    ,	-0.034397483   ,	0.025280297    ,	0.0043376796   ,	-0.20695348    ,	0.20280278     ,	-0.04977475    ,	-0.30011585    ,	0.0778608      ,	0.3819697       ],
	[ 0.16273585     ,	0.034558374    ,	-0.08180747    ,	-0.08859645    ,	0.20540175     ,	0.066039406    ,	0.18449414     ,	-0.06672448    ,	-0.015449654   ,	8.162776e-08   ,	0.24010947     ,	0.20160934     ,	-0.019184936   ,	-0.14065379    ,	-0.11308093    ,	-0.12575702    ,	0.14250624     ,	-0.040916964   ,	0.15392914     ,	-0.08714569    ,	-0.017442746   ,	-0.20859538    ,	0.07873664     ,	0.22603382      ],
	[ 0.11926779     ,	-0.031271566   ,	-0.012159716   ,	0.07480341     ,	0.22228885     ,	0.120468885    ,	0.07032666     ,	-0.05566951    ,	-0.12045468    ,	-0.000112137765,	0.1893248      ,	0.09430253     ,	-0.04107376    ,	-0.17505117    ,	-0.007978035   ,	-0.23207441    ,	0.04436442     ,	0.08802115     ,	0.27549648     ,	-0.15438795    ,	-0.0039844606  ,	-0.011526532   ,	-0.089995325   ,	0.22465174      ],
	[ 0.07410439     ,	-0.01168842    ,	0.08025748     ,	0.17955962     ,	-0.017539049   ,	-0.023814762   ,	-0.04754543    ,	-0.13730912    ,	-0.1940129     ,	-0.00019102066 ,	0.06412931     ,	0.007597763    ,	-0.06834389    ,	-0.11984564    ,	0.12413229     ,	-0.015207315   ,	0.15544547     ,	0.080458716    ,	0.08557529     ,	-0.19571206    ,	0.052597214    ,	0.14777116     ,	-0.1089605     ,	-0.037147958    ],
]
