[
	[ 0.07015504     ,	0.14993013     ,	0.18874703     ,	-0.050763328   ,	0.037091795    ,	0.22305456     ,	0.22150734     ,	0.12610969     ,	0.004444677    ,	-0.058905046   ,	0.18791468     ,	0.06296961     ,	0.04182725     ,	0.080532745    ,	0.1757475      ,	0.12825938     ,	-0.0015407732  ,	0.05350165     ,	-0.08750073    ,	0.11554759     ,	0.049662292    ,	0.12801783     ,	0.069508515    ,	0.159501        ],
	[ 0.17514327     ,	0.1373416      ,	-0.06383868    ,	-0.2387975     ,	0.16218457     ,	0.05645932     ,	0.277616       ,	0.06119957     ,	0.12961061     ,	-0.1675665     ,	-0.35662335    ,	-0.003377573   ,	-0.26863745    ,	-0.1311189     ,	-0.1705033     ,	-0.02802831    ,	0.0934415      ,	-0.2429342     ,	0.13073415     ,	0.20060818     ,	0.02759303     ,	-0.08444069    ,	0.100240916    ,	0.108582355     ],
	[ -0.31363773    ,	0.10613286     ,	0.14289764     ,	0.32137638     ,	0.034816675    ,	-0.11594451    ,	0.056394175    ,	0.35827664     ,	-0.044237737   ,	-0.09712137    ,	0.13413043     ,	0.22116968     ,	-0.011247586   ,	0.10952051     ,	-0.02589051    ,	0.14220534     ,	-0.17991902    ,	0.0991714      ,	0.16299985     ,	-0.059097953   ,	0.22050212     ,	0.01662163     ,	0.17808376     ,	-0.05423336     ],
	[ 0.057276033    ,	0.016399246    ,	-0.17515065    ,	-0.027033245   ,	-0.05748656    ,	0.23033494     ,	-0.11001599    ,	0.14232391     ,	-0.14362656    ,	0.30564198     ,	-0.072624266   ,	-0.100317076   ,	0.2818767      ,	0.33884788     ,	-0.07973759    ,	0.22942945     ,	0.16050763     ,	0.23442526     ,	-0.20005962    ,	-0.022660544   ,	0.22901501     ,	-0.013207956   ,	-0.0046052365  ,	0.10164625      ],
	[ 0.21328242     ,	0.3438396      ,	0.063354194    ,	-0.010157516   ,	-0.12123476    ,	-0.060602367   ,	-0.031459548   ,	0.3838702      ,	0.23020285     ,	-0.019185437   ,	0.013234445    ,	0.026869668    ,	-0.30762625    ,	-0.15478364    ,	-0.16672361    ,	0.08453984     ,	-0.21016192    ,	-0.1941594     ,	0.032790203    ,	0.31752044     ,	-0.27569336    ,	0.008029526    ,	0.25053653     ,	-0.16753848     ],
	[ -0.10565147    ,	0.2315248      ,	0.26010308     ,	-0.32270148    ,	0.11704694     ,	0.1790828      ,	-0.39752966    ,	0.10703573     ,	0.115213856    ,	0.2640806      ,	0.03303537     ,	-0.103227526   ,	-0.10519828    ,	0.024337593    ,	0.029097216    ,	-0.10410089    ,	-0.09617879    ,	-0.18084079    ,	-0.16217366    ,	0.06030317     ,	0.14112219     ,	-0.047723055   ,	-0.2556961     ,	0.11905657      ],
	[ 0.18160951     ,	0.22429925     ,	-0.10901571    ,	-0.24328889    ,	0.11127881     ,	0.14891267     ,	0.13356808     ,	-0.07490259    ,	0.015664728    ,	-0.0075722192  ,	-0.31681955    ,	-0.22451265    ,	0.30941433     ,	0.06471487     ,	0.045404967    ,	-0.16710538    ,	0.124715626    ,	0.045630436    ,	0.016859557    ,	-0.17211163    ,	0.117711514    ,	0.21350959     ,	0.07493084     ,	0.11716437      ],
	[ 0.14255632     ,	0.2308923      ,	0.016874475    ,	-0.11051845    ,	0.0034093335   ,	0.14286257     ,	0.16194524     ,	0.2828907      ,	0.18592872     ,	-0.03204432    ,	-0.046514723   ,	0.2711961      ,	-0.28616485    ,	-0.06409       ,	-0.06749581    ,	-0.0622073     ,	-0.1152014     ,	-0.216273      ,	-0.044520263   ,	0.04736354     ,	0.064718135    ,	-0.24207313    ,	0.046057828    ,	0.17494035      ],
	[ 0.06537906     ,	0.045364223    ,	-0.3016286     ,	0.18075104     ,	0.24829909     ,	0.032556616    ,	0.13854574     ,	-0.12910955    ,	0.14063081     ,	0.054630663    ,	-0.13395225    ,	0.26658267     ,	0.10629045     ,	-0.061980166   ,	0.18915018     ,	-0.17240506    ,	0.13495955     ,	-0.13399222    ,	0.117433384    ,	0.06758831     ,	0.107129395    ,	0.11075205     ,	-0.22564402    ,	0.17198035      ],
	[ -0.00037216736 ,	-0.0025625678  ,	-0.0027208417  ,	-0.0009632132  ,	-0.000511522   ,	0.0006730088   ,	0.002845277    ,	-0.0023097836  ,	-0.0015200468  ,	9.095388e-05   ,	-0.00053922663 ,	0.0010815727   ,	0.0011255221   ,	0.0006842133   ,	0.0011407996   ,	0.0013283163   ,	0.000279259    ,	0.0010601904   ,	-0.00038427283 ,	-0.0028030064  ,	3.315049e-05   ,	0.0003154482   ,	0.0055558323   ,	0.0004988027    ],
	[ -0.19658464    ,	0.07816684     ,	0.06524069     ,	0.16868463     ,	-0.0017461604  ,	-0.18358316    ,	-0.04699813    ,	0.116113       ,	0.25194344     ,	-0.044009015   ,	-0.03791944    ,	-0.25155228    ,	-0.075290486   ,	0.067690976    ,	-0.0025614118  ,	-0.18698716    ,	-0.15137088    ,	0.33003774     ,	0.16419317     ,	0.1525211      ,	-0.08700656    ,	0.26011336     ,	0.0741595      ,	-0.12279254     ],
	[ -0.14086744    ,	-0.25787655    ,	0.016210165    ,	-0.13855259    ,	-0.058519945   ,	0.038089443    ,	-0.041300174   ,	0.11074923     ,	-0.1402855     ,	-0.17941983    ,	0.41288        ,	0.21548459     ,	0.12980823     ,	-0.0944695     ,	0.115310036    ,	-0.0675886     ,	-0.17446327    ,	-0.080344245   ,	0.4166729      ,	-0.004256103   ,	-0.1895819     ,	0.21376282     ,	0.3652666      ,	-0.04092314     ],
	[ 0.21391813     ,	-0.026126072   ,	0.25814906     ,	-0.21477696    ,	-0.29794       ,	-0.025193227   ,	0.2639814      ,	-0.22824892    ,	-0.033839837   ,	-0.20234597    ,	0.21520503     ,	0.18044789     ,	0.056960832    ,	-0.11953541    ,	0.12230028     ,	0.11481294     ,	0.097575456    ,	0.045239393    ,	0.089682885    ,	-0.17586145    ,	-0.16047835    ,	-0.16271773    ,	-0.106410384   ,	0.029834248     ],
	[ 0.088503145    ,	0.13809428     ,	-0.20562118    ,	0.23604284     ,	-0.16572137    ,	0.11501396     ,	0.2155142      ,	0.06424737     ,	-0.22124524    ,	0.0067397505   ,	-0.043478746   ,	-0.08618968    ,	0.070964806    ,	0.14283499     ,	0.05329454     ,	0.010053366    ,	0.14914383     ,	0.064256035    ,	-0.07893749    ,	-0.135313      ,	-0.11217132    ,	-0.23464537    ,	0.22236371     ,	0.13433297      ],
	[ -0.30503944    ,	0.15293728     ,	0.12643765     ,	0.10838027     ,	-0.008842773   ,	-0.08959221    ,	0.24116538     ,	-0.24455838    ,	0.040968474    ,	-0.076055124   ,	0.08660314     ,	-0.16211282    ,	0.10853886     ,	0.024215702    ,	0.10168804     ,	0.26609963     ,	0.028895725    ,	0.3431964      ,	0.14905372     ,	0.22377226     ,	0.014040467    ,	0.15532747     ,	0.002204451    ,	-0.15501697     ],
	[ -0.111286044   ,	0.31814802     ,	0.042371333    ,	0.21088645     ,	0.23448719     ,	-0.0975811     ,	0.10021654     ,	0.41363004     ,	-0.17249477    ,	-0.22073957    ,	0.051857915    ,	0.25345057     ,	0.04250078     ,	-0.16992196    ,	0.090323545    ,	0.40760824     ,	-0.13475862    ,	0.08810359     ,	0.015526928    ,	-0.22555567    ,	-0.058924723   ,	-0.104415745   ,	-0.28389648    ,	0.16368155      ],
	[ -0.09934352    ,	-0.097773686   ,	-0.17461349    ,	-0.23921037    ,	0.029467031    ,	0.063248076    ,	-0.08762032    ,	-0.023315042   ,	0.038095605    ,	0.13757068     ,	-0.16880615    ,	0.06838818     ,	-0.007680795   ,	-0.16076417    ,	0.059926786    ,	-0.04939264    ,	-0.052650727   ,	-0.27496636    ,	0.1709492      ,	-0.16434246    ,	0.20313063     ,	0.18477573     ,	0.071065634    ,	0.066926196     ],
	[ -0.037298854   ,	0.009366572    ,	0.23523371     ,	0.16618603     ,	-0.08053142    ,	0.030228352    ,	-0.14466704    ,	0.01008258     ,	-0.098556675   ,	0.18819728     ,	0.28595343     ,	0.020438112    ,	0.021900635    ,	-0.06736083    ,	0.1907322      ,	0.12201973     ,	-0.03601431    ,	-0.06411944    ,	-0.02466281    ,	0.14051329     ,	0.05520752     ,	-0.018052246   ,	-0.19548485    ,	-0.025939383    ],
	[ -0.23510252    ,	0.10109677     ,	-0.1279199     ,	-0.24833752    ,	0.24507575     ,	0.029401077    ,	-0.12851648    ,	-0.09236522    ,	0.091781214    ,	0.19650757     ,	0.020699147    ,	-0.27373093    ,	0.29008654     ,	0.21676508     ,	-0.07434355    ,	-0.06736608    ,	0.36758173     ,	0.21982051     ,	-0.19662724    ,	0.04785155     ,	0.33014664     ,	0.13758792     ,	-0.032049917   ,	-0.21442732     ],
	[ 0.3245265      ,	0.09112603     ,	-0.4277925     ,	-0.016531419   ,	0.021444028    ,	-0.020304577   ,	-0.005153723   ,	0.0007460795   ,	-0.15609506    ,	-0.027299576   ,	0.18542837     ,	0.17353421     ,	0.36336192     ,	-0.024178302   ,	0.18445683     ,	-0.3353341     ,	-0.27622736    ,	0.07840197     ,	-0.0042616636  ,	0.04880045     ,	-0.15633932    ,	-0.00074855564 ,	-0.16950555    ,	-0.083852656    ],
	[ 0.0833902      ,	0.0015791706   ,	0.11362476     ,	0.1320468      ,	-0.032654997   ,	-0.20763503    ,	0.05571908     ,	0.09233766     ,	-0.02555102    ,	-0.28028592    ,	0.023840308    ,	-0.043569658   ,	0.10887931     ,	-0.28216007    ,	-0.38535598    ,	0.31063822     ,	0.12356935     ,	-0.14774331    ,	0.07753609     ,	-0.3399074     ,	-0.18840134    ,	-0.0012859828  ,	0.25231925     ,	0.079218104     ],
	[ 0.22211821     ,	-0.22943075    ,	0.3579294      ,	-0.19891718    ,	-0.12340691    ,	0.109798856    ,	-0.022155926   ,	-0.119239844   ,	-0.37066892    ,	0.21265633     ,	0.02514399     ,	-0.1105104     ,	-0.010704994   ,	0.0053888406   ,	0.27314276     ,	-0.024267502   ,	-0.02734788    ,	0.22149089     ,	0.043549266    ,	-0.026012734   ,	-0.22639227    ,	-0.1347483     ,	-0.23937717    ,	0.23734464      ],
	[ -0.102999434   ,	0.19791518     ,	0.08568407     ,	0.3050076      ,	0.15171504     ,	0.044343907    ,	-0.22406481    ,	0.61640245     ,	-0.5108549     ,	-0.028161606   ,	-0.15104882    ,	-0.054478347   ,	0.14216268     ,	0.30724785     ,	0.157592       ,	-0.13793284    ,	-0.18294854    ,	0.108504884    ,	-0.17504792    ,	-0.022251686   ,	0.24074233     ,	0.08849967     ,	-0.06642299    ,	-0.16860068     ],
	[ 0.12448373     ,	0.092877805    ,	0.16764523     ,	0.11922837     ,	-0.017961599   ,	-0.25943053    ,	-0.2163747     ,	0.1005474      ,	0.23456804     ,	0.04464442     ,	-0.06895496    ,	0.039240103    ,	0.07995653     ,	0.044354048    ,	-0.2831164     ,	-0.14187111    ,	0.194291       ,	-0.0058472194  ,	0.26427814     ,	0.12440782     ,	0.015767615    ,	0.14994682     ,	-0.09961525    ,	-0.25422835     ],
]
