[
	[ 0.12653373     ,	0.11569353     ,	0.2963434      ,	-0.25975132    ,	0.070005424    ,	-0.07419415    ,	0.06941356     ,	-0.055189118   ,	-0.4819594     ,	-0.07229033     ],
	[ -0.07519245    ,	0.27126014     ,	0.06937799     ,	0.14768057     ,	-0.007232833   ,	0.18323876     ,	-0.3829957     ,	-0.20540607    ,	0.1391073      ,	-0.09520499     ],
	[ -0.22441836    ,	0.29986477     ,	-0.08482604    ,	-0.17691521    ,	0.13387409     ,	-0.30093947    ,	-0.29978332    ,	0.2502953      ,	-0.15520784    ,	0.09356229      ],
	[ -0.42288494    ,	-0.2374267     ,	-0.07822104    ,	0.29951528     ,	0.09783369     ,	0.27318105     ,	-0.08791848    ,	-0.47610453    ,	-0.00841078    ,	0.09969172      ],
	[ 0.06347977     ,	-0.17023495    ,	0.10061538     ,	0.22778931     ,	-0.17765807    ,	-0.055438172   ,	-0.073651314   ,	-0.37418345    ,	-0.04956656    ,	0.0989949       ],
	[ -0.18043938    ,	0.022392407    ,	0.05387915     ,	0.12475089     ,	-0.289885      ,	0.18750902     ,	0.10404885     ,	-0.08074282    ,	0.06105104     ,	-0.30052328     ],
	[ -0.058913503   ,	-0.016775068   ,	0.23965703     ,	-0.108288206   ,	0.14889441     ,	-0.25883693    ,	-0.15226556    ,	0.24281175     ,	0.26292512     ,	-0.40005195     ],
	[ -0.35054746    ,	0.12568688     ,	-0.039291646   ,	0.20569146     ,	-0.32220265    ,	0.3009202      ,	-0.33787823    ,	-0.04058648    ,	-0.033779323   ,	0.15263635      ],
	[ 0.27197587     ,	0.0054470827   ,	-0.26518866    ,	-0.1306445     ,	-0.60816       ,	0.15600573     ,	0.11819987     ,	0.16808046     ,	0.07887841     ,	-0.14296678     ],
	[ 0.03854057     ,	-0.037202872   ,	-0.17720711    ,	0.14983723     ,	-0.17153539    ,	-0.013770412   ,	0.23133734     ,	0.35494176     ,	-0.286195      ,	-0.16619518     ],
	[ 0.05068373     ,	0.26158965     ,	-0.002320381   ,	-0.20306689    ,	0.08086393     ,	-0.14450347    ,	0.115083076    ,	-0.09749353    ,	-0.5621919     ,	0.26781607      ],
	[ -0.2829874     ,	-0.069227524   ,	0.29172328     ,	0.12291144     ,	0.140521       ,	-0.29626402    ,	0.13368654     ,	0.32876492     ,	-0.21285929    ,	-0.5637249      ],
	[ 0.03106814     ,	-0.03805867    ,	-0.1141043     ,	-0.2922146     ,	0.0637528      ,	-0.043486096   ,	0.27987576     ,	-0.38745326    ,	0.064828746    ,	0.13906969      ],
	[ -0.08558289    ,	-0.037364773   ,	-0.215594      ,	-0.24120016    ,	0.050813988    ,	0.25647813     ,	0.18356018     ,	-0.12273402    ,	0.0477901      ,	-0.13396959     ],
	[ -0.12929669    ,	-0.17327066    ,	0.09088377     ,	0.004503319    ,	0.18747972     ,	0.048335068    ,	0.09942165     ,	0.058333006    ,	-0.080219045   ,	-0.4804324      ],
	[ 0.27297014     ,	0.012015882    ,	-0.010432154   ,	-0.060830045   ,	0.12273899     ,	-0.8291587     ,	-0.013965404   ,	0.0998644      ,	0.15928678     ,	0.1024076       ],
	[ 0.2024065      ,	0.060794912    ,	0.20076256     ,	-0.24505469    ,	-0.3029194     ,	-0.017308751   ,	0.13908213     ,	-0.17637429    ,	0.099288344    ,	-0.26804554     ],
	[ -0.45979264    ,	0.0018136873   ,	-0.2760273     ,	-0.16735612    ,	0.29261515     ,	0.063215405    ,	0.11663064     ,	-0.05880346    ,	0.25063637     ,	0.04014194      ],
	[ 0.2576089      ,	-0.3198825     ,	-0.0463845     ,	0.029037861    ,	0.025808059    ,	-0.18116803    ,	-0.2661501     ,	0.18637301     ,	-0.038510744   ,	0.14739214      ],
	[ -0.09438743    ,	-0.2220268     ,	0.20096837     ,	-0.09608508    ,	0.17864326     ,	0.2339345      ,	-0.3835115     ,	0.19789012     ,	-0.134951      ,	-0.11983971     ],
	[ 0.014718626    ,	-0.1336287     ,	-0.5738954     ,	0.08615566     ,	-0.020733671   ,	0.08847483     ,	0.09324702     ,	-0.07616616    ,	0.048388753    ,	-0.016734751    ],
	[ 0.2728471      ,	-0.50810474    ,	0.18094571     ,	-0.12437534    ,	0.026130667    ,	-0.06729716    ,	0.047332037    ,	-0.00900418    ,	0.050369322    ,	0.1543865       ],
	[ -0.22323444    ,	-0.23241095    ,	0.102206916    ,	0.3501873      ,	-0.2687268     ,	-0.29026932    ,	-0.17934082    ,	0.27268022     ,	0.08425075     ,	-0.020579383    ],
	[ -0.104316734   ,	-0.053334687   ,	0.18298334     ,	0.11069826     ,	-0.5020197     ,	-0.039351694   ,	0.07410002     ,	-0.08528366    ,	0.07403252     ,	-0.048801       ],
]
