[
	[
		[[ 4.489619        ],  [ 4.7674966       ],  [ 5.632256        ],  [ 6.781807        ],  [ 7.6343045       ],  [ 7.896644        ],  [ 7.7908163       ],  [ 7.5539427       ],  [ 7.417827        ],  [ 6.374062        ],  [ 4.42357         ],  [ 2.4462316       ],  [ 2.001132        ],  [ 2.029955        ],  [ 2.4453692       ],  [ 2.9711783       ],  [ 3.421052        ],  [ 3.7380035       ],  [ 3.9202178       ],  [ 4.080736        ],  ],
		[[ 4.7564716       ],  [ 5.3690453       ],  [ 5.9052844       ],  [ 6.321052        ],  [ 6.443404        ],  [ 6.057532        ],  [ 5.4439206       ],  [ 4.765733        ],  [ 4.516501        ],  [ 4.0283103       ],  [ 2.482423        ],  [ 0.647668        ],  [ 0.5026369       ],  [ 0.9484105       ],  [ 1.756161        ],  [ 2.5345454       ],  [ 3.208131        ],  [ 3.6687343       ],  [ 3.9414957       ],  [ 4.0602946       ],  ],
		[[ 4.9788785       ],  [ 5.722588        ],  [ 5.9622955       ],  [ 5.5651436       ],  [ 4.8045297       ],  [ 4.0476055       ],  [ 3.1337836       ],  [ 2.461279        ],  [ 2.2251968       ],  [ 2.3048294       ],  [ 1.3310866       ],  [ 0.0             ],  [ 0.0             ],  [ 0.0             ],  [ 0.8592007       ],  [ 1.7764755       ],  [ 2.5860326       ],  [ 3.2801688       ],  [ 3.7382033       ],  [ 4.005936        ],  ],
		[[ 5.075059        ],  [ 5.729712        ],  [ 5.700038        ],  [ 4.2730794       ],  [ 3.1402593       ],  [ 2.1969366       ],  [ 1.6796743       ],  [ 1.529095        ],  [ 1.861722        ],  [ 3.0162659       ],  [ 2.7680352       ],  [ 1.3251165       ],  [ 0.9251337       ],  [ 1.0776677       ],  [ 1.5920227       ],  [ 2.1028214       ],  [ 2.5914686       ],  [ 2.9838157       ],  [ 3.4528701       ],  [ 3.794772        ],  ],
		[[ 4.934878        ],  [ 5.9028215       ],  [ 5.6700273       ],  [ 3.791915        ],  [ 2.268762        ],  [ 1.2371426       ],  [ 0.77733403      ],  [ 0.9543902       ],  [ 2.158086        ],  [ 3.8776107       ],  [ 4.843994        ],  [ 4.683377        ],  [ 4.644979        ],  [ 4.774855        ],  [ 4.9581523       ],  [ 4.5503993       ],  [ 4.391937        ],  [ 4.1531196       ],  [ 3.8535545       ],  [ 3.9083657       ],  ],
		[[ 4.8438168       ],  [ 6.0893435       ],  [ 5.9253983       ],  [ 3.5602672       ],  [ 1.4251716       ],  [ 0.59012675      ],  [ 0.21654947      ],  [ 0.607322        ],  [ 1.9129269       ],  [ 3.354371        ],  [ 4.637572        ],  [ 5.954686        ],  [ 7.2335634       ],  [ 7.9783487       ],  [ 8.265349        ],  [ 7.878185        ],  [ 7.371156        ],  [ 6.4899793       ],  [ 5.4805474       ],  [ 4.8003826       ],  ],
		[[ 4.8620353       ],  [ 6.0244193       ],  [ 5.950705        ],  [ 3.2391222       ],  [ 0.716285        ],  [ 0.0             ],  [ 0.0             ],  [ 0.07661183      ],  [ 0.8176364       ],  [ 1.7897776       ],  [ 2.5545323       ],  [ 3.7807243       ],  [ 4.909957        ],  [ 6.610971        ],  [ 7.820285        ],  [ 8.2829075       ],  [ 8.231465        ],  [ 7.699239        ],  [ 6.893109        ],  [ 6.013805        ],  ],
		[[ 4.797997        ],  [ 6.19274         ],  [ 6.3370996       ],  [ 3.0448902       ],  [ 0.0             ],  [ 0.0             ],  [ 0.0             ],  [ 0.0             ],  [ 0.0             ],  [ 0.58497643      ],  [ 1.441977        ],  [ 2.3475573       ],  [ 2.4445045       ],  [ 3.22432         ],  [ 4.859338        ],  [ 6.3426604       ],  [ 7.162752        ],  [ 7.6475015       ],  [ 7.486568        ],  [ 6.980208        ],  ],
		[[ 4.9433026       ],  [ 6.1760416       ],  [ 5.9376388       ],  [ 2.4441066       ],  [ 0.0             ],  [ 0.0             ],  [ 0.0             ],  [ 0.0             ],  [ 0.0             ],  [ 0.0             ],  [ 0.45392212      ],  [ 1.6422818       ],  [ 1.984376        ],  [ 2.054315        ],  [ 2.6300166       ],  [ 3.8628411       ],  [ 5.417565        ],  [ 6.4940724       ],  [ 7.251565        ],  [ 7.53892         ],  ],
		[[ 5.0569353       ],  [ 5.8232193       ],  [ 4.767379        ],  [ 1.578856        ],  [ 0.0             ],  [ 0.0             ],  [ 0.0             ],  [ 0.0             ],  [ 0.0             ],  [ 0.0             ],  [ 0.0             ],  [ 0.0             ],  [ 0.64717245      ],  [ 1.3053422       ],  [ 1.6859437       ],  [ 2.4671714       ],  [ 3.9082181       ],  [ 5.0134473       ],  [ 6.074247        ],  [ 6.9491115       ],  ],
		[[ 5.02124         ],  [ 5.073869        ],  [ 3.215943        ],  [ 0.581146        ],  [ 0.0             ],  [ 0.0             ],  [ 0.0             ],  [ 0.0             ],  [ 0.0             ],  [ 0.0             ],  [ 0.0             ],  [ 0.0             ],  [ 0.0             ],  [ 0.0             ],  [ 0.054263197     ],  [ 1.1187849       ],  [ 2.4445848       ],  [ 3.7109017       ],  [ 4.7319465       ],  [ 5.4667053       ],  ],
		[[ 4.9179115       ],  [ 4.4194264       ],  [ 2.2309933       ],  [ 0.43158785      ],  [ 0.0             ],  [ 0.0             ],  [ 0.0             ],  [ 0.0             ],  [ 0.0             ],  [ 0.0             ],  [ 0.0             ],  [ 0.0             ],  [ 0.0             ],  [ 0.0             ],  [ 0.0             ],  [ 0.0             ],  [ 1.0320047       ],  [ 2.3607361       ],  [ 3.6267643       ],  [ 4.4138994       ],  ],
		[[ 4.4404826       ],  [ 3.9191046       ],  [ 2.5244496       ],  [ 1.7416902       ],  [ 1.7293808       ],  [ 2.0815592       ],  [ 2.344164        ],  [ 2.253504        ],  [ 2.2711346       ],  [ 2.3025062       ],  [ 2.020004        ],  [ 1.6228113       ],  [ 1.1823682       ],  [ 0.30124345      ],  [ 0.16807091      ],  [ 0.8341644       ],  [ 0.94586253      ],  [ 1.5467939       ],  [ 2.4787366       ],  [ 3.340615        ],  ],
		[[ 4.0283446       ],  [ 4.049393        ],  [ 4.058213        ],  [ 4.4942718       ],  [ 4.937273        ],  [ 5.1269927       ],  [ 5.180616        ],  [ 5.227072        ],  [ 5.236988        ],  [ 4.416656        ],  [ 3.8756027       ],  [ 3.6542034       ],  [ 3.5883572       ],  [ 3.2424588       ],  [ 3.2041054       ],  [ 3.3757298       ],  [ 3.0403101       ],  [ 2.714216        ],  [ 2.0678399       ],  [ 2.4288154       ],  ],
		[[ 4.165395        ],  [ 4.656865        ],  [ 5.4678946       ],  [ 6.5275717       ],  [ 7.142665        ],  [ 7.409052        ],  [ 7.7061315       ],  [ 8.206873        ],  [ 8.577832        ],  [ 7.75245         ],  [ 7.2416034       ],  [ 7.3648252       ],  [ 8.0386505       ],  [ 8.412203        ],  [ 8.401647        ],  [ 7.815581        ],  [ 5.45821         ],  [ 3.5579727       ],  [ 2.1697304       ],  [ 1.5933514       ],  ],
		[[ 4.5786304       ],  [ 4.9729657       ],  [ 5.5077424       ],  [ 6.06611         ],  [ 6.6765795       ],  [ 7.497139        ],  [ 8.455078        ],  [ 9.745635        ],  [ 10.988754       ],  [ 10.998042       ],  [ 10.611944       ],  [ 10.69846        ],  [ 10.877679       ],  [ 10.933994       ],  [ 10.871717       ],  [ 9.257587        ],  [ 4.6602235       ],  [ 1.4373536       ],  [ 0.57116807      ],  [ 0.4152806       ],  ],
		[[ 5.016489        ],  [ 5.474073        ],  [ 5.327047        ],  [ 5.006572        ],  [ 4.874253        ],  [ 5.126947        ],  [ 6.017533        ],  [ 7.368523        ],  [ 8.876609        ],  [ 9.430079        ],  [ 9.263526        ],  [ 9.2015915       ],  [ 8.810819        ],  [ 8.338799        ],  [ 8.092706        ],  [ 5.985644        ],  [ 1.1585252       ],  [ 0.0             ],  [ 0.0             ],  [ 0.0             ],  ],
		[[ 5.305491        ],  [ 5.619446        ],  [ 4.8637104       ],  [ 3.9185874       ],  [ 3.2501771       ],  [ 3.026104        ],  [ 3.0364993       ],  [ 3.6626008       ],  [ 4.6270986       ],  [ 5.0754614       ],  [ 5.09907         ],  [ 4.84535         ],  [ 4.509526        ],  [ 4.1742496       ],  [ 4.0569787       ],  [ 2.3196642       ],  [ 0.0             ],  [ 0.0             ],  [ 0.0             ],  [ 0.0             ],  ],
		[[ 5.439938        ],  [ 5.3904133       ],  [ 3.9622717       ],  [ 2.8355367       ],  [ 2.3954058       ],  [ 2.0008423       ],  [ 1.7927814       ],  [ 1.9616971       ],  [ 2.2760308       ],  [ 2.6032743       ],  [ 2.5608191       ],  [ 2.455172        ],  [ 2.3026059       ],  [ 2.0884645       ],  [ 1.7302814       ],  [ 0.10600431      ],  [ 0.0             ],  [ 0.0             ],  [ 0.0             ],  [ 0.49013498      ],  ],
		[[ 5.3412337       ],  [ 4.808439        ],  [ 2.7418535       ],  [ 1.4562565       ],  [ 0.99451673      ],  [ 0.7580159       ],  [ 0.71026003      ],  [ 0.871557        ],  [ 1.184338        ],  [ 1.4824383       ],  [ 1.3172486       ],  [ 0.9977788       ],  [ 0.69621974      ],  [ 0.24564727      ],  [ 0.0             ],  [ 0.0             ],  [ 0.0             ],  [ 0.0             ],  [ 0.1456442       ],  [ 1.3750206       ],  ],
	]
]