[
	[
		[[ 1.0             ],  [ 1.0             ],  [ 1.0             ],  [ 1.0             ],  [ 1.0             ],  [ 1.0             ],  [ 1.0             ],  [ 1.0             ],  [ 1.0             ],  [ 1.0             ],  [ 1.0             ],  [ 1.0             ],  [ 1.0             ],  [ 1.0             ],  [ 1.0             ],  [ 1.0             ],  [ 1.0             ],  [ 1.0             ],  [ 1.0             ],  [ 1.0             ],  [ 1.0             ],  [ 1.0             ],  [ 1.0             ],  [ 1.0             ],  [ 1.0             ],  [ 1.0             ],  [ 1.0             ],  [ 1.0             ],  ],
		[[ 1.0             ],  [ 1.0             ],  [ 1.0             ],  [ 1.0             ],  [ 1.0             ],  [ 1.0             ],  [ 1.0             ],  [ 1.0             ],  [ 1.0             ],  [ 1.0             ],  [ 1.0             ],  [ 1.0             ],  [ 1.0             ],  [ 1.0             ],  [ 1.0             ],  [ 1.0             ],  [ 1.0             ],  [ 1.0             ],  [ 1.0             ],  [ 1.0             ],  [ 1.0             ],  [ 1.0             ],  [ 1.0             ],  [ 1.0             ],  [ 1.0             ],  [ 1.0             ],  [ 1.0             ],  [ 1.0             ],  ],
		[[ 1.0             ],  [ 1.0             ],  [ 1.0             ],  [ 1.0             ],  [ 1.0             ],  [ 1.0             ],  [ 1.0             ],  [ 1.0             ],  [ 1.0             ],  [ 1.0             ],  [ 1.0             ],  [ 1.0             ],  [ 1.0             ],  [ 1.0             ],  [ 1.0             ],  [ 1.0             ],  [ 1.0             ],  [ 1.0             ],  [ 1.0             ],  [ 1.0             ],  [ 1.0             ],  [ 1.0             ],  [ 1.0             ],  [ 1.0             ],  [ 1.0             ],  [ 1.0             ],  [ 1.0             ],  [ 1.0             ],  ],
		[[ 1.0             ],  [ 1.0             ],  [ 1.0             ],  [ 1.0             ],  [ 1.0             ],  [ 1.0             ],  [ 1.0             ],  [ 1.0             ],  [ 1.0             ],  [ 1.0             ],  [ 1.0             ],  [ 1.0             ],  [ 1.0             ],  [ 1.0             ],  [ 1.0             ],  [ 1.0             ],  [ 1.0             ],  [ 1.0             ],  [ 1.0             ],  [ 1.0             ],  [ 1.0             ],  [ 1.0             ],  [ 1.0             ],  [ 1.0             ],  [ 1.0             ],  [ 1.0             ],  [ 1.0             ],  [ 1.0             ],  ],
		[[ 1.0             ],  [ 1.0             ],  [ 1.0             ],  [ 1.0             ],  [ 1.0             ],  [ 1.0             ],  [ 1.0             ],  [ 1.0             ],  [ 1.0             ],  [ 1.0             ],  [ 1.0             ],  [ 1.0             ],  [ 0.8             ],  [ 0.48235294      ],  [ 0.16078432      ],  [ 0.007843138     ],  [ 0.003921569     ],  [ 0.007843138     ],  [ 0.20392157      ],  [ 0.3647059       ],  [ 0.8392157       ],  [ 1.0             ],  [ 1.0             ],  [ 1.0             ],  [ 1.0             ],  [ 1.0             ],  [ 1.0             ],  [ 1.0             ],  ],
		[[ 1.0             ],  [ 1.0             ],  [ 1.0             ],  [ 1.0             ],  [ 1.0             ],  [ 1.0             ],  [ 1.0             ],  [ 1.0             ],  [ 0.6             ],  [ 0.44313726      ],  [ 0.20392157      ],  [ 0.20392157      ],  [ 0.007843138     ],  [ 0.011764706     ],  [ 0.007843138     ],  [ 0.011764706     ],  [ 0.40784314      ],  [ 0.7254902       ],  [ 1.0             ],  [ 1.0             ],  [ 1.0             ],  [ 1.0             ],  [ 1.0             ],  [ 1.0             ],  [ 1.0             ],  [ 1.0             ],  [ 1.0             ],  [ 1.0             ],  ],
		[[ 1.0             ],  [ 1.0             ],  [ 1.0             ],  [ 1.0             ],  [ 1.0             ],  [ 1.0             ],  [ 1.0             ],  [ 1.0             ],  [ 0.003921569     ],  [ 0.007843138     ],  [ 0.043137256     ],  [ 0.20392157      ],  [ 0.44313726      ],  [ 0.6             ],  [ 0.6784314       ],  [ 1.0             ],  [ 1.0             ],  [ 1.0             ],  [ 1.0             ],  [ 1.0             ],  [ 1.0             ],  [ 1.0             ],  [ 1.0             ],  [ 1.0             ],  [ 1.0             ],  [ 1.0             ],  [ 1.0             ],  [ 1.0             ],  ],
		[[ 1.0             ],  [ 1.0             ],  [ 1.0             ],  [ 1.0             ],  [ 1.0             ],  [ 1.0             ],  [ 1.0             ],  [ 1.0             ],  [ 0.3254902       ],  [ 0.011764706     ],  [ 0.20392157      ],  [ 1.0             ],  [ 1.0             ],  [ 1.0             ],  [ 1.0             ],  [ 1.0             ],  [ 1.0             ],  [ 1.0             ],  [ 1.0             ],  [ 1.0             ],  [ 1.0             ],  [ 1.0             ],  [ 1.0             ],  [ 1.0             ],  [ 1.0             ],  [ 1.0             ],  [ 1.0             ],  [ 1.0             ],  ],
		[[ 1.0             ],  [ 1.0             ],  [ 1.0             ],  [ 1.0             ],  [ 1.0             ],  [ 1.0             ],  [ 1.0             ],  [ 1.0             ],  [ 0.91764706      ],  [ 0.1254902       ],  [ 0.08235294      ],  [ 0.88235295      ],  [ 1.0             ],  [ 1.0             ],  [ 1.0             ],  [ 1.0             ],  [ 1.0             ],  [ 1.0             ],  [ 1.0             ],  [ 1.0             ],  [ 1.0             ],  [ 1.0             ],  [ 1.0             ],  [ 1.0             ],  [ 1.0             ],  [ 1.0             ],  [ 1.0             ],  [ 1.0             ],  ],
		[[ 1.0             ],  [ 1.0             ],  [ 1.0             ],  [ 1.0             ],  [ 1.0             ],  [ 1.0             ],  [ 1.0             ],  [ 1.0             ],  [ 1.0             ],  [ 0.52156866      ],  [ 0.007843138     ],  [ 0.8039216       ],  [ 1.0             ],  [ 1.0             ],  [ 1.0             ],  [ 1.0             ],  [ 1.0             ],  [ 1.0             ],  [ 1.0             ],  [ 1.0             ],  [ 1.0             ],  [ 1.0             ],  [ 1.0             ],  [ 1.0             ],  [ 1.0             ],  [ 1.0             ],  [ 1.0             ],  [ 1.0             ],  ],
		[[ 1.0             ],  [ 1.0             ],  [ 1.0             ],  [ 1.0             ],  [ 1.0             ],  [ 1.0             ],  [ 1.0             ],  [ 1.0             ],  [ 1.0             ],  [ 0.5176471       ],  [ 0.003921569     ],  [ 0.6431373       ],  [ 0.8             ],  [ 0.8             ],  [ 0.8             ],  [ 0.9607843       ],  [ 1.0             ],  [ 1.0             ],  [ 1.0             ],  [ 1.0             ],  [ 1.0             ],  [ 1.0             ],  [ 1.0             ],  [ 1.0             ],  [ 1.0             ],  [ 1.0             ],  [ 1.0             ],  [ 1.0             ],  ],
		[[ 1.0             ],  [ 1.0             ],  [ 1.0             ],  [ 1.0             ],  [ 1.0             ],  [ 1.0             ],  [ 1.0             ],  [ 1.0             ],  [ 0.91764706      ],  [ 0.1254902       ],  [ 0.007843138     ],  [ 0.011764706     ],  [ 0.007843138     ],  [ 0.011764706     ],  [ 0.007843138     ],  [ 0.3254902       ],  [ 0.6784314       ],  [ 1.0             ],  [ 1.0             ],  [ 1.0             ],  [ 1.0             ],  [ 1.0             ],  [ 1.0             ],  [ 1.0             ],  [ 1.0             ],  [ 1.0             ],  [ 1.0             ],  [ 1.0             ],  ],
		[[ 1.0             ],  [ 1.0             ],  [ 1.0             ],  [ 1.0             ],  [ 1.0             ],  [ 1.0             ],  [ 1.0             ],  [ 0.91764706      ],  [ 0.16078432      ],  [ 0.007843138     ],  [ 0.20392157      ],  [ 0.3647059       ],  [ 0.6             ],  [ 0.6             ],  [ 0.20392157      ],  [ 0.1254902       ],  [ 0.003921569     ],  [ 0.007843138     ],  [ 0.8             ],  [ 0.9607843       ],  [ 1.0             ],  [ 1.0             ],  [ 1.0             ],  [ 1.0             ],  [ 1.0             ],  [ 1.0             ],  [ 1.0             ],  [ 1.0             ],  ],
		[[ 1.0             ],  [ 1.0             ],  [ 1.0             ],  [ 1.0             ],  [ 1.0             ],  [ 1.0             ],  [ 1.0             ],  [ 0.7607843       ],  [ 0.007843138     ],  [ 0.32941177      ],  [ 1.0             ],  [ 1.0             ],  [ 1.0             ],  [ 1.0             ],  [ 1.0             ],  [ 0.92156863      ],  [ 0.56078434      ],  [ 0.24705882      ],  [ 0.007843138     ],  [ 0.16862746      ],  [ 0.8392157       ],  [ 1.0             ],  [ 1.0             ],  [ 1.0             ],  [ 1.0             ],  [ 1.0             ],  [ 1.0             ],  [ 1.0             ],  ],
		[[ 1.0             ],  [ 1.0             ],  [ 1.0             ],  [ 1.0             ],  [ 1.0             ],  [ 1.0             ],  [ 1.0             ],  [ 1.0             ],  [ 1.0             ],  [ 1.0             ],  [ 1.0             ],  [ 1.0             ],  [ 1.0             ],  [ 1.0             ],  [ 1.0             ],  [ 1.0             ],  [ 1.0             ],  [ 1.0             ],  [ 0.6             ],  [ 0.20392157      ],  [ 0.08235294      ],  [ 0.8             ],  [ 1.0             ],  [ 1.0             ],  [ 1.0             ],  [ 1.0             ],  [ 1.0             ],  [ 1.0             ],  ],
		[[ 1.0             ],  [ 1.0             ],  [ 1.0             ],  [ 1.0             ],  [ 1.0             ],  [ 1.0             ],  [ 1.0             ],  [ 1.0             ],  [ 1.0             ],  [ 1.0             ],  [ 1.0             ],  [ 1.0             ],  [ 1.0             ],  [ 1.0             ],  [ 1.0             ],  [ 1.0             ],  [ 1.0             ],  [ 1.0             ],  [ 1.0             ],  [ 0.92156863      ],  [ 0.16470589      ],  [ 0.09019608      ],  [ 0.6784314       ],  [ 1.0             ],  [ 1.0             ],  [ 1.0             ],  [ 1.0             ],  [ 1.0             ],  ],
		[[ 1.0             ],  [ 1.0             ],  [ 1.0             ],  [ 1.0             ],  [ 1.0             ],  [ 1.0             ],  [ 1.0             ],  [ 1.0             ],  [ 1.0             ],  [ 1.0             ],  [ 1.0             ],  [ 1.0             ],  [ 1.0             ],  [ 1.0             ],  [ 1.0             ],  [ 1.0             ],  [ 1.0             ],  [ 1.0             ],  [ 1.0             ],  [ 1.0             ],  [ 0.75686276      ],  [ 0.20392157      ],  [ 0.08235294      ],  [ 0.56078434      ],  [ 1.0             ],  [ 1.0             ],  [ 1.0             ],  [ 1.0             ],  ],
		[[ 1.0             ],  [ 1.0             ],  [ 1.0             ],  [ 1.0             ],  [ 1.0             ],  [ 1.0             ],  [ 1.0             ],  [ 1.0             ],  [ 1.0             ],  [ 1.0             ],  [ 1.0             ],  [ 1.0             ],  [ 1.0             ],  [ 1.0             ],  [ 1.0             ],  [ 1.0             ],  [ 1.0             ],  [ 1.0             ],  [ 1.0             ],  [ 1.0             ],  [ 1.0             ],  [ 0.92156863      ],  [ 0.16470589      ],  [ 0.011764706     ],  [ 1.0             ],  [ 1.0             ],  [ 1.0             ],  [ 1.0             ],  ],
		[[ 1.0             ],  [ 1.0             ],  [ 1.0             ],  [ 1.0             ],  [ 1.0             ],  [ 1.0             ],  [ 1.0             ],  [ 1.0             ],  [ 1.0             ],  [ 1.0             ],  [ 1.0             ],  [ 1.0             ],  [ 1.0             ],  [ 1.0             ],  [ 1.0             ],  [ 1.0             ],  [ 1.0             ],  [ 1.0             ],  [ 1.0             ],  [ 1.0             ],  [ 1.0             ],  [ 1.0             ],  [ 0.4             ],  [ 0.007843138     ],  [ 1.0             ],  [ 1.0             ],  [ 1.0             ],  [ 1.0             ],  ],
		[[ 1.0             ],  [ 1.0             ],  [ 1.0             ],  [ 1.0             ],  [ 1.0             ],  [ 1.0             ],  [ 1.0             ],  [ 1.0             ],  [ 1.0             ],  [ 1.0             ],  [ 1.0             ],  [ 1.0             ],  [ 1.0             ],  [ 1.0             ],  [ 1.0             ],  [ 1.0             ],  [ 1.0             ],  [ 1.0             ],  [ 1.0             ],  [ 1.0             ],  [ 1.0             ],  [ 0.8392157       ],  [ 0.08627451      ],  [ 0.16862746      ],  [ 1.0             ],  [ 1.0             ],  [ 1.0             ],  [ 1.0             ],  ],
		[[ 1.0             ],  [ 1.0             ],  [ 1.0             ],  [ 1.0             ],  [ 1.0             ],  [ 1.0             ],  [ 1.0             ],  [ 1.0             ],  [ 0.5568628       ],  [ 0.6392157       ],  [ 1.0             ],  [ 1.0             ],  [ 1.0             ],  [ 1.0             ],  [ 1.0             ],  [ 1.0             ],  [ 1.0             ],  [ 1.0             ],  [ 1.0             ],  [ 1.0             ],  [ 0.8784314       ],  [ 0.32156864      ],  [ 0.043137256     ],  [ 0.84313726      ],  [ 1.0             ],  [ 1.0             ],  [ 1.0             ],  [ 1.0             ],  ],
		[[ 1.0             ],  [ 1.0             ],  [ 1.0             ],  [ 1.0             ],  [ 1.0             ],  [ 1.0             ],  [ 1.0             ],  [ 0.6784314       ],  [ 0.007843138     ],  [ 0.40784314      ],  [ 1.0             ],  [ 1.0             ],  [ 1.0             ],  [ 1.0             ],  [ 1.0             ],  [ 1.0             ],  [ 0.91764706      ],  [ 0.6             ],  [ 0.6             ],  [ 0.28235295      ],  [ 0.08627451      ],  [ 0.16862746      ],  [ 0.68235296      ],  [ 1.0             ],  [ 1.0             ],  [ 1.0             ],  [ 1.0             ],  [ 1.0             ],  ],
		[[ 1.0             ],  [ 1.0             ],  [ 1.0             ],  [ 1.0             ],  [ 1.0             ],  [ 1.0             ],  [ 1.0             ],  [ 0.6784314       ],  [ 0.0             ],  [ 0.007843138     ],  [ 0.08235294      ],  [ 0.40392157      ],  [ 0.4             ],  [ 0.24313726      ],  [ 0.32156864      ],  [ 0.007843138     ],  [ 0.003921569     ],  [ 0.007843138     ],  [ 0.003921569     ],  [ 0.16470589      ],  [ 0.44313726      ],  [ 0.92156863      ],  [ 1.0             ],  [ 1.0             ],  [ 1.0             ],  [ 1.0             ],  [ 1.0             ],  [ 1.0             ],  ],
		[[ 1.0             ],  [ 1.0             ],  [ 1.0             ],  [ 1.0             ],  [ 1.0             ],  [ 1.0             ],  [ 1.0             ],  [ 1.0             ],  [ 0.72156864      ],  [ 0.40784314      ],  [ 0.40784314      ],  [ 0.09019608      ],  [ 0.007843138     ],  [ 0.16862746      ],  [ 0.24705882      ],  [ 0.40784314      ],  [ 0.4862745       ],  [ 0.8039216       ],  [ 0.8039216       ],  [ 0.9607843       ],  [ 1.0             ],  [ 1.0             ],  [ 1.0             ],  [ 1.0             ],  [ 1.0             ],  [ 1.0             ],  [ 1.0             ],  [ 1.0             ],  ],
		[[ 1.0             ],  [ 1.0             ],  [ 1.0             ],  [ 1.0             ],  [ 1.0             ],  [ 1.0             ],  [ 1.0             ],  [ 1.0             ],  [ 1.0             ],  [ 1.0             ],  [ 1.0             ],  [ 1.0             ],  [ 1.0             ],  [ 1.0             ],  [ 1.0             ],  [ 1.0             ],  [ 1.0             ],  [ 1.0             ],  [ 1.0             ],  [ 1.0             ],  [ 1.0             ],  [ 1.0             ],  [ 1.0             ],  [ 1.0             ],  [ 1.0             ],  [ 1.0             ],  [ 1.0             ],  [ 1.0             ],  ],
		[[ 1.0             ],  [ 1.0             ],  [ 1.0             ],  [ 1.0             ],  [ 1.0             ],  [ 1.0             ],  [ 1.0             ],  [ 1.0             ],  [ 1.0             ],  [ 1.0             ],  [ 1.0             ],  [ 1.0             ],  [ 1.0             ],  [ 1.0             ],  [ 1.0             ],  [ 1.0             ],  [ 1.0             ],  [ 1.0             ],  [ 1.0             ],  [ 1.0             ],  [ 1.0             ],  [ 1.0             ],  [ 1.0             ],  [ 1.0             ],  [ 1.0             ],  [ 1.0             ],  [ 1.0             ],  [ 1.0             ],  ],
		[[ 1.0             ],  [ 1.0             ],  [ 1.0             ],  [ 1.0             ],  [ 1.0             ],  [ 1.0             ],  [ 1.0             ],  [ 1.0             ],  [ 1.0             ],  [ 1.0             ],  [ 1.0             ],  [ 1.0             ],  [ 1.0             ],  [ 1.0             ],  [ 1.0             ],  [ 1.0             ],  [ 1.0             ],  [ 1.0             ],  [ 1.0             ],  [ 1.0             ],  [ 1.0             ],  [ 1.0             ],  [ 1.0             ],  [ 1.0             ],  [ 1.0             ],  [ 1.0             ],  [ 1.0             ],  [ 1.0             ],  ],
		[[ 1.0             ],  [ 1.0             ],  [ 1.0             ],  [ 1.0             ],  [ 1.0             ],  [ 1.0             ],  [ 1.0             ],  [ 1.0             ],  [ 1.0             ],  [ 1.0             ],  [ 1.0             ],  [ 1.0             ],  [ 1.0             ],  [ 1.0             ],  [ 1.0             ],  [ 1.0             ],  [ 1.0             ],  [ 1.0             ],  [ 1.0             ],  [ 1.0             ],  [ 1.0             ],  [ 1.0             ],  [ 1.0             ],  [ 1.0             ],  [ 1.0             ],  [ 1.0             ],  [ 1.0             ],  [ 1.0             ],  ],
	]
]