[
	[[[ 0.32003063      ], ],  [[ 0.22207391      ], ],  [[ 0.17092144      ], ],  [[ 0.30294058      ], ],  [[ 0.39322987      ], ],  [[ 0.43927306      ], ],  [[ 0.62766176      ], ],  [[ 0.31158033      ], ],  [[ -0.10986879     ], ],  ],
	[[[ 0.4066295       ], ],  [[ 0.42022806      ], ],  [[ 0.47964764      ], ],  [[ 0.43556786      ], ],  [[ 0.71629333      ], ],  [[ 0.826127        ], ],  [[ 0.84426355      ], ],  [[ 0.077796675     ], ],  [[ -0.38570124     ], ],  ],
	[[[ 0.08789176      ], ],  [[ 0.36629358      ], ],  [[ 0.4962643       ], ],  [[ 0.79722047      ], ],  [[ 0.6952668       ], ],  [[ 0.77417403      ], ],  [[ 0.8383661       ], ],  [[ 0.16527925      ], ],  [[ -0.5144888      ], ],  ],
	[[[ 0.06645946      ], ],  [[ 0.11289248      ], ],  [[ 0.3392439       ], ],  [[ 0.49091804      ], ],  [[ 0.54241675      ], ],  [[ 0.66072375      ], ],  [[ 0.49877962      ], ],  [[ -0.0979331      ], ],  [[ -0.43060368     ], ],  ],
	[[[ 0.006091285     ], ],  [[ 0.2242867       ], ],  [[ 0.33033687      ], ],  [[ 0.35394183      ], ],  [[ 0.3931262       ], ],  [[ 0.30711684      ], ],  [[ 0.019573703     ], ],  [[ -0.25225922     ], ],  [[ -0.46778837     ], ],  ],
	[[[ -0.25026044     ], ],  [[ 0.24834786      ], ],  [[ 0.40673116      ], ],  [[ 0.52453876      ], ],  [[ 0.5006898       ], ],  [[ 0.17287044      ], ],  [[ -0.06430335     ], ],  [[ -0.2787394      ], ],  [[ -0.30045387     ], ],  ],
	[[[ -0.39099905     ], ],  [[ -0.24895795     ], ],  [[ -0.15001506     ], ],  [[ -0.046102025    ], ],  [[ -0.18325981     ], ],  [[ -0.15222116     ], ],  [[ -0.3273097      ], ],  [[ -0.20371129     ], ],  [[ -0.21075648     ], ],  ],
	[[[ -0.80233157     ], ],  [[ -0.68360144     ], ],  [[ -0.5865682      ], ],  [[ -0.631371       ], ],  [[ -0.64739555     ], ],  [[ -0.6858405      ], ],  [[ -0.2457511      ], ],  [[ -0.09862789     ], ],  [[ -0.088108785    ], ],  ],
	[[[ -0.68129975     ], ],  [[ -0.5089895      ], ],  [[ -0.4570723      ], ],  [[ -0.6432758      ], ],  [[ -0.52842057     ], ],  [[ -0.52069396     ], ],  [[ -0.41422042     ], ],  [[ -0.255697       ], ],  [[ 0.2500243       ], ],  ],
]
