[
	[
		[[ 4.7262287       ],  [ 4.7218966       ],  [ 7.389664        ],  [ 8.059657        ],  [ 9.142817        ],  [ 3.8370905       ],  [ 3.5701492       ],  [ 2.438559        ],  [ 3.6344368       ],  [ 4.7197623       ],  ],
		[[ 3.5271697       ],  [ 4.4430094       ],  [ 8.159973        ],  [ 9.2431755       ],  [ 3.5981805       ],  [ 0.0             ],  [ 0.0             ],  [ 1.2109182       ],  [ 3.0560007       ],  [ 3.5137107       ],  ],
		[[ 3.5232096       ],  [ 6.1738815       ],  [ 7.8367925       ],  [ 5.1947618       ],  [ 2.8726602       ],  [ 6.77944         ],  [ 9.416715        ],  [ 8.868905        ],  [ 8.01246         ],  [ 5.9938984       ],  ],
		[[ 3.6711636       ],  [ 7.4959097       ],  [ 7.5177784       ],  [ 2.0783346       ],  [ 7.6670465       ],  [ 9.264495        ],  [ 10.626148       ],  [ 9.694803        ],  [ 8.496864        ],  [ 6.69785         ],  ],
		[[ 4.34272         ],  [ 7.5268097       ],  [ 6.8541675       ],  [ 2.1443257       ],  [ 4.826371        ],  [ 4.66689         ],  [ 3.797845        ],  [ 4.670546        ],  [ 4.706049        ],  [ 7.5914054       ],  ],
		[[ 5.2596264       ],  [ 6.6016517       ],  [ 4.0413933       ],  [ 0.45698658      ],  [ 0.0006963024    ],  [ 0.0             ],  [ 0.0             ],  [ 1.0170072       ],  [ 2.9139724       ],  [ 6.8801975       ],  ],
		[[ 5.372775        ],  [ 7.2998075       ],  [ 1.4153514       ],  [ 0.0             ],  [ 0.33001095      ],  [ 7.0549297       ],  [ 8.915034        ],  [ 3.0421333       ],  [ 1.6933023       ],  [ 4.104501        ],  ],
		[[ 4.97722         ],  [ 5.2430596       ],  [ 0.947961        ],  [ 0.0             ],  [ 2.7687793       ],  [ 10.713895       ],  [ 11.8499         ],  [ 5.1598544       ],  [ 1.5155106       ],  [ 2.1425242       ],  ],
		[[ 4.186382        ],  [ 4.636814        ],  [ 2.7788968       ],  [ 0.0             ],  [ 0.75283575      ],  [ 2.9277883       ],  [ 3.2382164       ],  [ 0.0             ],  [ 1.3518397       ],  [ 2.2345774       ],  ],
		[[ 4.774894        ],  [ 5.1753545       ],  [ 4.4394164       ],  [ 1.5857732       ],  [ 0.0             ],  [ 0.0             ],  [ 0.0             ],  [ 0.0             ],  [ 1.1788217       ],  [ 2.4859242       ],  ],
	]
]