[
	[
		[[ 4.7262287       ],  [ 4.120549        ],  [ 4.7218966       ],  [ 3.940513        ],  [ 4.414922        ],  [ 5.676024        ],  [ 7.362208        ],  [ 8.05685         ],  [ 9.142817        ],  [ 6.964614        ],  [ 3.8370905       ],  [ 3.2901251       ],  [ 3.5701492       ],  [ 2.5192432       ],  [ 2.3270094       ],  [ 2.438559        ],  [ 3.6344368       ],  [ 3.6319199       ],  [ 4.7197623       ],  [ 4.1153035       ],  ],
		[[ 4.1265526       ],  [ 4.1251483       ],  [ 4.05668         ],  [ 4.103982        ],  [ 5.0168242       ],  [ 7.389664        ],  [ 8.059657        ],  [ 8.055188        ],  [ 6.846749        ],  [ 4.3930473       ],  [ 1.7030225       ],  [ 1.1568048       ],  [ 1.074938        ],  [ 0.9575978       ],  [ 1.4058375       ],  [ 2.433949        ],  [ 3.4125562       ],  [ 3.6278293       ],  [ 4.114217        ],  [ 4.1146717       ],  ],
		[[ 3.5264785       ],  [ 3.5233448       ],  [ 3.9510434       ],  [ 4.4417806       ],  [ 6.075514        ],  [ 7.9316254       ],  [ 9.2431755       ],  [ 7.2820992       ],  [ 3.5981805       ],  [ 1.6333925       ],  [ 0.0             ],  [ 0.0             ],  [ 0.0             ],  [ 0.0             ],  [ 0.71077454      ],  [ 1.2109182       ],  [ 2.8719375       ],  [ 3.0518978       ],  [ 3.5122268       ],  [ 3.5109022       ],  ],
		[[ 3.5271697       ],  [ 3.526167        ],  [ 4.041407        ],  [ 4.4430094       ],  [ 7.1146283       ],  [ 8.159973        ],  [ 7.9205647       ],  [ 4.841363        ],  [ 1.293271        ],  [ 0.0             ],  [ 0.0             ],  [ 0.0             ],  [ 0.0             ],  [ 0.0             ],  [ 0.72454274      ],  [ 1.2083277       ],  [ 2.605625        ],  [ 3.0560007       ],  [ 3.5122669       ],  [ 3.5137107       ],  ],
		[[ 3.5204542       ],  [ 3.5232096       ],  [ 4.3226557       ],  [ 5.862157        ],  [ 7.8367925       ],  [ 7.83115         ],  [ 5.1947618       ],  [ 1.8060608       ],  [ 0.0             ],  [ 0.0             ],  [ 0.8916224       ],  [ 1.6156209       ],  [ 2.4533544       ],  [ 3.3140576       ],  [ 4.348696        ],  [ 4.911062        ],  [ 5.071327        ],  [ 4.906347        ],  [ 4.9925447       ],  [ 4.446052        ],  ],
		[[ 3.5175776       ],  [ 3.5173872       ],  [ 4.745487        ],  [ 6.1738815       ],  [ 7.834813        ],  [ 6.9842215       ],  [ 3.2030082       ],  [ 0.26185948      ],  [ 0.07306902      ],  [ 2.8726602       ],  [ 4.996497        ],  [ 6.77944         ],  [ 7.222854        ],  [ 9.416715        ],  [ 8.867271        ],  [ 8.868905        ],  [ 8.01246         ],  [ 7.497924        ],  [ 5.9938984       ],  [ 5.474945        ],  ],
		[[ 3.6711636       ],  [ 3.6691399       ],  [ 5.388819        ],  [ 7.4959097       ],  [ 7.5177784       ],  [ 5.65044         ],  [ 2.0783346       ],  [ 1.2344738       ],  [ 2.8923185       ],  [ 5.9070663       ],  [ 8.308308        ],  [ 9.264495        ],  [ 8.9442215       ],  [ 10.626148       ],  [ 9.687292        ],  [ 9.694803        ],  [ 8.496864        ],  [ 8.15346         ],  [ 6.691826        ],  [ 6.5893497       ],  ],
		[[ 3.6669617       ],  [ 3.666148        ],  [ 6.08436         ],  [ 7.489399        ],  [ 7.5109425       ],  [ 4.3987236       ],  [ 2.0734742       ],  [ 2.070871        ],  [ 4.750883        ],  [ 7.6670465       ],  [ 7.9048715       ],  [ 7.2163067       ],  [ 6.1479435       ],  [ 6.1360397       ],  [ 6.3493423       ],  [ 6.537821        ],  [ 6.7201085       ],  [ 6.8230805       ],  [ 6.692238        ],  [ 6.69785         ],  ],
		[[ 4.144518        ],  [ 4.338603        ],  [ 6.684126        ],  [ 7.524912        ],  [ 6.8541675       ],  [ 3.106988        ],  [ 2.0855472       ],  [ 2.1443257       ],  [ 3.9390395       ],  [ 4.826371        ],  [ 4.66689         ],  [ 3.8880546       ],  [ 2.933056        ],  [ 3.797845        ],  [ 3.4696305       ],  [ 4.670546        ],  [ 4.658111        ],  [ 4.706049        ],  [ 6.0664787       ],  [ 7.5914054       ],  ],
		[[ 4.1770763       ],  [ 4.34272         ],  [ 7.179081        ],  [ 7.5268097       ],  [ 4.632188        ],  [ 1.9388621       ],  [ 1.307497        ],  [ 1.2443625       ],  [ 1.4850032       ],  [ 2.6731076       ],  [ 2.0670698       ],  [ 1.1339908       ],  [ 1.1470201       ],  [ 1.8529161       ],  [ 2.5968761       ],  [ 3.2248414       ],  [ 3.8080375       ],  [ 4.444023        ],  [ 5.241418        ],  [ 6.6505237       ],  ],
		[[ 4.2061462       ],  [ 5.2596264       ],  [ 6.6016517       ],  [ 6.6004906       ],  [ 4.0413933       ],  [ 1.436431        ],  [ 0.45698658      ],  [ 0.0             ],  [ 0.0             ],  [ 0.0006963024    ],  [ 0.0             ],  [ 0.0             ],  [ 0.0             ],  [ 0.0             ],  [ 0.67131376      ],  [ 1.0170072       ],  [ 2.5191634       ],  [ 2.9139724       ],  [ 4.6546974       ],  [ 6.8801975       ],  ],
		[[ 4.232779        ],  [ 5.25776         ],  [ 6.6007786       ],  [ 5.366418        ],  [ 2.1083343       ],  [ 0.5888182       ],  [ 0.0038268724    ],  [ 0.0             ],  [ 0.0             ],  [ 0.0             ],  [ 0.0             ],  [ 0.0             ],  [ 0.0             ],  [ 0.0             ],  [ 0.0             ],  [ 0.0             ],  [ 0.51336354      ],  [ 1.6815636       ],  [ 3.4274154       ],  [ 5.679207        ],  ],
		[[ 4.232633        ],  [ 5.3680854       ],  [ 7.2998075       ],  [ 4.265009        ],  [ 1.4153514       ],  [ 0.0             ],  [ 0.0             ],  [ 0.0             ],  [ 0.0             ],  [ 0.0             ],  [ 0.54041606      ],  [ 2.1974666       ],  [ 2.88011         ],  [ 0.78680116      ],  [ 0.0             ],  [ 0.0             ],  [ 0.35340884      ],  [ 1.2002671       ],  [ 2.755368        ],  [ 4.104501        ],  ],
		[[ 4.2395673       ],  [ 5.372775        ],  [ 6.3400106       ],  [ 3.6324842       ],  [ 0.0062906863    ],  [ 0.0             ],  [ 0.0             ],  [ 0.0             ],  [ 0.0             ],  [ 0.33001095      ],  [ 4.052794        ],  [ 7.0549297       ],  [ 8.915034        ],  [ 6.5683208       ],  [ 3.0421333       ],  [ 2.4177697       ],  [ 1.6933023       ],  [ 1.6848465       ],  [ 2.9445312       ],  [ 3.5628965       ],  ],
		[[ 4.1995225       ],  [ 4.9748106       ],  [ 5.2418513       ],  [ 3.2015777       ],  [ 0.0             ],  [ 0.0             ],  [ 0.0             ],  [ 0.0             ],  [ 0.0             ],  [ 2.7687793       ],  [ 5.828148        ],  [ 10.713895       ],  [ 11.8499         ],  [ 9.103065        ],  [ 5.1598544       ],  [ 2.9367545       ],  [ 1.5155106       ],  [ 1.5080292       ],  [ 2.136442        ],  [ 2.1381319       ],  ],
		[[ 4.141024        ],  [ 4.97722         ],  [ 5.2430596       ],  [ 3.1166859       ],  [ 0.947961        ],  [ 0.0             ],  [ 0.0             ],  [ 0.0             ],  [ 0.0             ],  [ 1.2311251       ],  [ 3.7639163       ],  [ 7.201855        ],  [ 8.919242        ],  [ 5.394402        ],  [ 1.3646743       ],  [ 0.0             ],  [ 0.002069191     ],  [ 0.60407877      ],  [ 1.5636277       ],  [ 2.1425242       ],  ],
		[[ 4.1221337       ],  [ 4.186382        ],  [ 4.636814        ],  [ 3.4803197       ],  [ 1.1443161       ],  [ 0.0             ],  [ 0.0             ],  [ 0.0             ],  [ 0.0             ],  [ 0.75283575      ],  [ 1.3977388       ],  [ 2.9277883       ],  [ 3.2382164       ],  [ 0.38966066      ],  [ 0.0             ],  [ 0.0             ],  [ 0.0             ],  [ 0.18834342      ],  [ 1.4831117       ],  [ 2.2280917       ],  ],
		[[ 4.119113        ],  [ 4.1803904       ],  [ 4.632561        ],  [ 3.9571612       ],  [ 2.7788968       ],  [ 0.53099597      ],  [ 0.0             ],  [ 0.0             ],  [ 0.0             ],  [ 0.0             ],  [ 0.0             ],  [ 1.2424845       ],  [ 0.7476555       ],  [ 0.0             ],  [ 0.0             ],  [ 0.0             ],  [ 0.0             ],  [ 1.3518397       ],  [ 1.8406361       ],  [ 2.2345774       ],  ],
		[[ 4.116326        ],  [ 4.774894        ],  [ 5.1753545       ],  [ 4.355655        ],  [ 3.0781126       ],  [ 1.3432919       ],  [ 0.0             ],  [ 0.0             ],  [ 0.0             ],  [ 0.0             ],  [ 0.0             ],  [ 0.0             ],  [ 0.0             ],  [ 0.0             ],  [ 0.0             ],  [ 0.0             ],  [ 0.0             ],  [ 1.1788217       ],  [ 2.27089         ],  [ 2.4859242       ],  ],
		[[ 4.11382         ],  [ 4.116637        ],  [ 4.3351054       ],  [ 4.349307        ],  [ 4.4394164       ],  [ 2.5353286       ],  [ 1.5857732       ],  [ 0.0             ],  [ 0.0             ],  [ 0.0             ],  [ 0.0             ],  [ 0.0             ],  [ 0.0             ],  [ 0.0             ],  [ 0.0             ],  [ 0.0             ],  [ 0.64125466      ],  [ 1.1720707       ],  [ 2.478081        ],  [ 2.4795337       ],  ],
	]
]