[
	[
		[[ 4.724695        ],  [ 4.1190157       ],  [ 4.720363        ],  [ 3.9389791       ],  [ 4.4133887       ],  [ 5.6744905       ],  [ 7.3606744       ],  [ 8.055317        ],  [ 9.141283        ],  [ 6.9630804       ],  [ 3.8355567       ],  [ 3.2885914       ],  [ 3.5686154       ],  [ 2.5177095       ],  [ 2.3254757       ],  [ 2.4370253       ],  [ 3.632903        ],  [ 3.630386        ],  [ 4.718229        ],  [ 4.11377         ],  ],
		[[ 4.125019        ],  [ 4.123615        ],  [ 4.0551467       ],  [ 4.1024485       ],  [ 5.0152907       ],  [ 7.3881307       ],  [ 8.058124        ],  [ 8.053655        ],  [ 6.8452153       ],  [ 4.391514        ],  [ 1.7014887       ],  [ 1.155271        ],  [ 1.0734043       ],  [ 0.95606405      ],  [ 1.4043038       ],  [ 2.4324152       ],  [ 3.4110224       ],  [ 3.6262956       ],  [ 4.1126833       ],  [ 4.113138        ],  ],
		[[ 3.5249448       ],  [ 3.521811        ],  [ 3.9495096       ],  [ 4.440247        ],  [ 6.0739803       ],  [ 7.930092        ],  [ 9.241642        ],  [ 7.2805657       ],  [ 3.5966468       ],  [ 1.6318587       ],  [ -0.007687226    ],  [ -0.37109715     ],  [ -0.3540236      ],  [ -0.5364426      ],  [ 0.7092408       ],  [ 1.2093844       ],  [ 2.8704038       ],  [ 3.050364        ],  [ 3.510693        ],  [ 3.5093684       ],  ],
		[[ 3.525636        ],  [ 3.5246332       ],  [ 4.0398736       ],  [ 4.441476        ],  [ 7.113095        ],  [ 8.15844         ],  [ 7.919031        ],  [ 4.8398294       ],  [ 1.2917372       ],  [ -0.6069037      ],  [ -1.0445375      ],  [ -0.8623797      ],  [ -0.6443385      ],  [ -0.01918713     ],  [ 0.723009        ],  [ 1.2067939       ],  [ 2.6040912       ],  [ 3.054467        ],  [ 3.5107331       ],  [ 3.512177        ],  ],
		[[ 3.5189204       ],  [ 3.5216758       ],  [ 4.321122        ],  [ 5.8606234       ],  [ 7.835259        ],  [ 7.8296165       ],  [ 5.1932282       ],  [ 1.804527        ],  [ -0.27851266     ],  [ -0.0022960901   ],  [ 0.8900887       ],  [ 1.6140871       ],  [ 2.4518206       ],  [ 3.3125238       ],  [ 4.3471627       ],  [ 4.9095283       ],  [ 5.0697937       ],  [ 4.9048133       ],  [ 4.991011        ],  [ 4.4445186       ],  ],
		[[ 3.516044        ],  [ 3.5158534       ],  [ 4.7439537       ],  [ 6.172348        ],  [ 7.8332796       ],  [ 6.982688        ],  [ 3.2014744       ],  [ 0.26032573      ],  [ 0.07153529      ],  [ 2.8711264       ],  [ 4.9949636       ],  [ 6.7779064       ],  [ 7.2213206       ],  [ 9.415181        ],  [ 8.865738        ],  [ 8.867372        ],  [ 8.010926        ],  [ 7.4963903       ],  [ 5.992365        ],  [ 5.4734116       ],  ],
		[[ 3.6696298       ],  [ 3.667606        ],  [ 5.3872857       ],  [ 7.494376        ],  [ 7.516245        ],  [ 5.6489067       ],  [ 2.0768008       ],  [ 1.2329401       ],  [ 2.8907847       ],  [ 5.905533        ],  [ 8.306774        ],  [ 9.262961        ],  [ 8.942688        ],  [ 10.624615       ],  [ 9.685759        ],  [ 9.69327         ],  [ 8.495331        ],  [ 8.151926        ],  [ 6.6902924       ],  [ 6.587816        ],  ],
		[[ 3.665428        ],  [ 3.6646142       ],  [ 6.0828266       ],  [ 7.4878654       ],  [ 7.509409        ],  [ 4.39719         ],  [ 2.0719404       ],  [ 2.0693374       ],  [ 4.7493496       ],  [ 7.665513        ],  [ 7.903338        ],  [ 7.214773        ],  [ 6.14641         ],  [ 6.134506        ],  [ 6.347809        ],  [ 6.5362873       ],  [ 6.718575        ],  [ 6.821547        ],  [ 6.6907043       ],  [ 6.6963167       ],  ],
		[[ 4.1429844       ],  [ 4.3370695       ],  [ 6.6825924       ],  [ 7.5233784       ],  [ 6.852634        ],  [ 3.1054542       ],  [ 2.0840135       ],  [ 2.142792        ],  [ 3.9375057       ],  [ 4.8248377       ],  [ 4.6653566       ],  [ 3.8865209       ],  [ 2.9315224       ],  [ 3.7963111       ],  [ 3.4680967       ],  [ 4.6690125       ],  [ 4.6565776       ],  [ 4.7045155       ],  [ 6.064945        ],  [ 7.589872        ],  ],
		[[ 4.175543        ],  [ 4.3411865       ],  [ 7.1775475       ],  [ 7.525276        ],  [ 4.6306543       ],  [ 1.9373283       ],  [ 1.3059633       ],  [ 1.2428287       ],  [ 1.4834695       ],  [ 2.6715739       ],  [ 2.065536        ],  [ 1.132457        ],  [ 1.1454864       ],  [ 1.8513824       ],  [ 2.5953424       ],  [ 3.2233076       ],  [ 3.8065038       ],  [ 4.4424896       ],  [ 5.2398844       ],  [ 6.64899         ],  ],
		[[ 4.2046127       ],  [ 5.258093        ],  [ 6.600118        ],  [ 6.598957        ],  [ 4.03986         ],  [ 1.4348973       ],  [ 0.45545283      ],  [ -0.24362496     ],  [ -0.614282       ],  [ -0.00083743036  ],  [ -0.0039254576   ],  [ -0.665668       ],  [ -0.5573771      ],  [ -0.33877936     ],  [ 0.66978         ],  [ 1.0154735       ],  [ 2.5176296       ],  [ 2.9124386       ],  [ 4.653164        ],  [ 6.878664        ],  ],
		[[ 4.2312455       ],  [ 5.2562265       ],  [ 6.599245        ],  [ 5.3648844       ],  [ 2.1068006       ],  [ 0.58728445      ],  [ 0.0022931397    ],  [ -1.6831523      ],  [ -1.7447056      ],  [ -1.8163941      ],  [ -0.9550604      ],  [ -0.7772809      ],  [ -0.38292414     ],  [ -1.2735478      ],  [ -1.7359136      ],  [ -0.67633116     ],  [ 0.5118298       ],  [ 1.6800299       ],  [ 3.4258816       ],  [ 5.6776733       ],  ],
		[[ 4.2310996       ],  [ 5.366552        ],  [ 7.298274        ],  [ 4.2634754       ],  [ 1.4138176       ],  [ -0.64645433     ],  [ -2.0586703      ],  [ -2.3381944      ],  [ -2.6894174      ],  [ -1.4439853      ],  [ 0.5388823       ],  [ 2.1959329       ],  [ 2.8785763       ],  [ 0.7852674       ],  [ -0.10921982     ],  [ -0.006558165    ],  [ 0.3518751       ],  [ 1.1987333       ],  [ 2.7538342       ],  [ 4.1029673       ],  ],
		[[ 4.238034        ],  [ 5.3712416       ],  [ 6.338477        ],  [ 3.6309505       ],  [ 0.0047569536    ],  [ -2.2343287      ],  [ -3.4074163      ],  [ -3.0651703      ],  [ -1.9371715      ],  [ 0.3284772       ],  [ 4.0512605       ],  [ 7.053396        ],  [ 8.913501        ],  [ 6.5667872       ],  [ 3.0405996       ],  [ 2.416236        ],  [ 1.6917685       ],  [ 1.6833128       ],  [ 2.9429975       ],  [ 3.5613627       ],  ],
		[[ 4.197989        ],  [ 4.973277        ],  [ 5.240318        ],  [ 3.200044        ],  [ -0.100770354    ],  [ -1.4928062      ],  [ -2.8131495      ],  [ -2.1660042      ],  [ -0.40885454     ],  [ 2.7672455       ],  [ 5.8266144       ],  [ 10.712361       ],  [ 11.848367       ],  [ 9.101531        ],  [ 5.158321        ],  [ 2.9352207       ],  [ 1.5139768       ],  [ 1.5064955       ],  [ 2.1349082       ],  [ 2.136598        ],  ],
		[[ 4.1394906       ],  [ 4.9756866       ],  [ 5.241526        ],  [ 3.1151521       ],  [ 0.9464272       ],  [ -0.53514993     ],  [ -1.6175746      ],  [ -0.24487254     ],  [ -0.0027923882   ],  [ 1.2295914       ],  [ 3.7623825       ],  [ 7.2003217       ],  [ 8.917708        ],  [ 5.3928685       ],  [ 1.3631406       ],  [ -0.0037728935   ],  [ 0.0005354583    ],  [ 0.602545        ],  [ 1.562094        ],  [ 2.1409905       ],  ],
		[[ 4.1206          ],  [ 4.1848483       ],  [ 4.6352806       ],  [ 3.478786        ],  [ 1.1427823       ],  [ -0.006292373    ],  [ -0.013273954    ],  [ -0.009811729    ],  [ -0.0066290796   ],  [ 0.751302        ],  [ 1.3962051       ],  [ 2.9262545       ],  [ 3.2366827       ],  [ 0.3881269       ],  [ -2.344615       ],  [ -2.6696649      ],  [ -0.99509144     ],  [ 0.18680969      ],  [ 1.481578        ],  [ 2.226558        ],  ],
		[[ 4.1175795       ],  [ 4.178857        ],  [ 4.6310277       ],  [ 3.9556274       ],  [ 2.777363        ],  [ 0.5294622       ],  [ -0.53995        ],  [ -0.45812514     ],  [ -1.1209716      ],  [ -0.72951794     ],  [ -0.011710137    ],  [ 1.2409507       ],  [ 0.74612176      ],  [ -1.289563       ],  [ -2.8406858      ],  [ -3.3941665      ],  [ -0.87208843     ],  [ 1.3503059       ],  [ 1.8391024       ],  [ 2.2330437       ],  ],
		[[ 4.1147923       ],  [ 4.7733607       ],  [ 5.173821        ],  [ 4.3541217       ],  [ 3.0765789       ],  [ 1.3417581       ],  [ -0.009789407    ],  [ -1.3390266      ],  [ -2.3477025      ],  [ -1.659782       ],  [ -2.0212328      ],  [ -2.0958068      ],  [ -1.169101       ],  [ -2.2489007      ],  [ -2.452596       ],  [ -2.2092009      ],  [ -0.008919507    ],  [ 1.1772879       ],  [ 2.2693563       ],  [ 2.4843905       ],  ],
		[[ 4.1122866       ],  [ 4.1151037       ],  [ 4.333572        ],  [ 4.3477736       ],  [ 4.437883        ],  [ 2.5337949       ],  [ 1.5842395       ],  [ -0.6161969      ],  [ -2.2748098      ],  [ -2.5404196      ],  [ -3.5599961      ],  [ -3.990656       ],  [ -3.5495105      ],  [ -2.7964659      ],  [ -1.8143225      ],  [ -1.3027935      ],  [ 0.6397209       ],  [ 1.170537        ],  [ 2.4765472       ],  [ 2.478           ],  ],
	]
]