[
	[
		[[ 1.0             ],  [ 0.8627451       ],  [ 0.6862745       ],  [ 1.0             ],  [ 1.0             ],  [ 1.0             ],  [ 0.58431375      ],  [ 0.91764706      ],  [ 0.9137255       ],  [ 1.0             ],  [ 0.18431373      ],  [ 0.9607843       ],  [ 1.0             ],  [ 1.0             ],  [ 1.0             ],  [ 1.0             ],  [ 0.78039217      ],  [ 0.5568628       ],  [ 1.0             ],  [ 1.0             ],  [ 0.78039217      ],  [ 1.0             ],  [ 0.0             ],  [ 1.0             ],  [ 1.0             ],  [ 1.0             ],  [ 1.0             ],  [ 1.0             ],  ],
		[[ 1.0             ],  [ 1.0             ],  [ 1.0             ],  [ 1.0             ],  [ 0.93333334      ],  [ 1.0             ],  [ 1.0             ],  [ 0.28627452      ],  [ 1.0             ],  [ 1.0             ],  [ 1.0             ],  [ 1.0             ],  [ 1.0             ],  [ 1.0             ],  [ 1.0             ],  [ 1.0             ],  [ 0.20392157      ],  [ 1.0             ],  [ 1.0             ],  [ 1.0             ],  [ 0.8235294       ],  [ 1.0             ],  [ 1.0             ],  [ 0.5372549       ],  [ 1.0             ],  [ 0.96862745      ],  [ 0.0             ],  [ 1.0             ],  ],
		[[ 0.1764706       ],  [ 1.0             ],  [ 1.0             ],  [ 1.0             ],  [ 1.0             ],  [ 1.0             ],  [ 1.0             ],  [ 1.0             ],  [ 0.31764707      ],  [ 1.0             ],  [ 1.0             ],  [ 1.0             ],  [ 1.0             ],  [ 1.0             ],  [ 1.0             ],  [ 1.0             ],  [ 0.13333334      ],  [ 1.0             ],  [ 1.0             ],  [ 1.0             ],  [ 0.9490196       ],  [ 1.0             ],  [ 1.0             ],  [ 1.0             ],  [ 1.0             ],  [ 1.0             ],  [ 0.7647059       ],  [ 1.0             ],  ],
		[[ 1.0             ],  [ 0.85882354      ],  [ 1.0             ],  [ 0.4745098       ],  [ 1.0             ],  [ 0.0             ],  [ 1.0             ],  [ 1.0             ],  [ 1.0             ],  [ 1.0             ],  [ 0.4627451       ],  [ 1.0             ],  [ 1.0             ],  [ 0.42352942      ],  [ 0.8980392       ],  [ 0.29803923      ],  [ 0.70980394      ],  [ 0.6509804       ],  [ 1.0             ],  [ 1.0             ],  [ 1.0             ],  [ 0.94509804      ],  [ 0.5647059       ],  [ 0.627451        ],  [ 0.03137255      ],  [ 1.0             ],  [ 1.0             ],  [ 1.0             ],  ],
		[[ 1.0             ],  [ 1.0             ],  [ 1.0             ],  [ 0.0             ],  [ 1.0             ],  [ 0.827451        ],  [ 1.0             ],  [ 1.0             ],  [ 1.0             ],  [ 1.0             ],  [ 1.0             ],  [ 0.6901961       ],  [ 1.0             ],  [ 0.9882353       ],  [ 0.0             ],  [ 0.0             ],  [ 0.078431375     ],  [ 0.0             ],  [ 0.60784316      ],  [ 0.13333334      ],  [ 0.6392157       ],  [ 0.9764706       ],  [ 1.0             ],  [ 1.0             ],  [ 0.6862745       ],  [ 1.0             ],  [ 0.03529412      ],  [ 1.0             ],  ],
		[[ 0.6901961       ],  [ 1.0             ],  [ 0.4117647       ],  [ 1.0             ],  [ 1.0             ],  [ 1.0             ],  [ 0.57254905      ],  [ 1.0             ],  [ 1.0             ],  [ 1.0             ],  [ 1.0             ],  [ 0.9019608       ],  [ 0.5137255       ],  [ 0.08235294      ],  [ 0.0             ],  [ 0.11372549      ],  [ 0.7607843       ],  [ 0.039215688     ],  [ 0.7411765       ],  [ 0.7882353       ],  [ 1.0             ],  [ 0.6862745       ],  [ 0.03137255      ],  [ 1.0             ],  [ 0.0             ],  [ 1.0             ],  [ 0.70980394      ],  [ 1.0             ],  ],
		[[ 1.0             ],  [ 1.0             ],  [ 0.7921569       ],  [ 1.0             ],  [ 1.0             ],  [ 0.53333336      ],  [ 1.0             ],  [ 1.0             ],  [ 0.6784314       ],  [ 1.0             ],  [ 1.0             ],  [ 1.0             ],  [ 0.0             ],  [ 0.18431373      ],  [ 0.24705882      ],  [ 0.2901961       ],  [ 0.7921569       ],  [ 1.0             ],  [ 1.0             ],  [ 1.0             ],  [ 0.7254902       ],  [ 0.9490196       ],  [ 1.0             ],  [ 1.0             ],  [ 0.5882353       ],  [ 1.0             ],  [ 0.23529412      ],  [ 0.26666668      ],  ],
		[[ 1.0             ],  [ 1.0             ],  [ 0.22352941      ],  [ 1.0             ],  [ 0.58431375      ],  [ 1.0             ],  [ 0.28627452      ],  [ 0.9019608       ],  [ 1.0             ],  [ 0.74509805      ],  [ 0.59607846      ],  [ 0.89411765      ],  [ 0.0             ],  [ 0.0             ],  [ 0.9137255       ],  [ 1.0             ],  [ 1.0             ],  [ 1.0             ],  [ 0.9529412       ],  [ 0.69803923      ],  [ 1.0             ],  [ 0.0             ],  [ 1.0             ],  [ 0.8352941       ],  [ 1.0             ],  [ 0.21568628      ],  [ 0.0             ],  [ 0.0             ],  ],
		[[ 0.7490196       ],  [ 1.0             ],  [ 0.654902        ],  [ 0.2784314       ],  [ 1.0             ],  [ 0.3019608       ],  [ 1.0             ],  [ 0.8627451       ],  [ 0.9843137       ],  [ 1.0             ],  [ 0.74509805      ],  [ 0.12941177      ],  [ 0.0             ],  [ 0.0             ],  [ 1.0             ],  [ 1.0             ],  [ 0.9490196       ],  [ 0.75686276      ],  [ 0.9411765       ],  [ 1.0             ],  [ 1.0             ],  [ 0.9098039       ],  [ 1.0             ],  [ 0.039215688     ],  [ 0.93333334      ],  [ 0.0             ],  [ 1.0             ],  [ 0.39215687      ],  ],
		[[ 1.0             ],  [ 0.15294118      ],  [ 1.0             ],  [ 1.0             ],  [ 0.7019608       ],  [ 1.0             ],  [ 1.0             ],  [ 0.7607843       ],  [ 1.0             ],  [ 0.85882354      ],  [ 0.25882354      ],  [ 0.03137255      ],  [ 0.28235295      ],  [ 1.0             ],  [ 1.0             ],  [ 1.0             ],  [ 1.0             ],  [ 0.9372549       ],  [ 1.0             ],  [ 1.0             ],  [ 0.9372549       ],  [ 0.5294118       ],  [ 1.0             ],  [ 0.3882353       ],  [ 1.0             ],  [ 1.0             ],  [ 0.0             ],  [ 0.1254902       ],  ],
		[[ 0.09019608      ],  [ 1.0             ],  [ 0.39215687      ],  [ 1.0             ],  [ 0.63529414      ],  [ 1.0             ],  [ 0.08627451      ],  [ 1.0             ],  [ 1.0             ],  [ 0.50980395      ],  [ 0.11372549      ],  [ 0.007843138     ],  [ 0.20784314      ],  [ 1.0             ],  [ 1.0             ],  [ 1.0             ],  [ 0.84705883      ],  [ 0.60784316      ],  [ 0.6862745       ],  [ 0.8392157       ],  [ 1.0             ],  [ 0.90588236      ],  [ 1.0             ],  [ 0.0             ],  [ 1.0             ],  [ 1.0             ],  [ 0.9411765       ],  [ 0.2784314       ],  ],
		[[ 1.0             ],  [ 0.6             ],  [ 0.4745098       ],  [ 0.7372549       ],  [ 0.92941177      ],  [ 1.0             ],  [ 1.0             ],  [ 1.0             ],  [ 0.85490197      ],  [ 0.8235294       ],  [ 0.27450982      ],  [ 0.0             ],  [ 0.6784314       ],  [ 0.49019608      ],  [ 1.0             ],  [ 0.9882353       ],  [ 1.0             ],  [ 0.3529412       ],  [ 1.0             ],  [ 0.8             ],  [ 1.0             ],  [ 0.38039216      ],  [ 1.0             ],  [ 0.41960785      ],  [ 0.61960787      ],  [ 0.34901962      ],  [ 0.22745098      ],  [ 0.0             ],  ],
		[[ 1.0             ],  [ 1.0             ],  [ 1.0             ],  [ 0.0             ],  [ 0.6509804       ],  [ 0.8156863       ],  [ 1.0             ],  [ 1.0             ],  [ 0.9019608       ],  [ 0.0             ],  [ 0.09019608      ],  [ 0.20784314      ],  [ 1.0             ],  [ 0.8901961       ],  [ 0.16078432      ],  [ 0.0             ],  [ 0.0             ],  [ 0.0             ],  [ 0.0             ],  [ 0.019607844     ],  [ 1.0             ],  [ 0.42352942      ],  [ 1.0             ],  [ 0.95686275      ],  [ 0.40784314      ],  [ 0.15294118      ],  [ 1.0             ],  [ 0.0             ],  ],
		[[ 0.039215688     ],  [ 0.5568628       ],  [ 0.98039216      ],  [ 1.0             ],  [ 0.9764706       ],  [ 0.09411765      ],  [ 0.43137255      ],  [ 1.0             ],  [ 0.99607843      ],  [ 0.5568628       ],  [ 0.0             ],  [ 0.0             ],  [ 0.0             ],  [ 0.0             ],  [ 0.0             ],  [ 0.0             ],  [ 0.0             ],  [ 0.0             ],  [ 0.0             ],  [ 0.27450982      ],  [ 0.043137256     ],  [ 1.0             ],  [ 0.67058825      ],  [ 1.0             ],  [ 0.27450982      ],  [ 0.64705884      ],  [ 0.57254905      ],  [ 0.0             ],  ],
		[[ 0.21960784      ],  [ 1.0             ],  [ 0.0             ],  [ 1.0             ],  [ 0.21960784      ],  [ 0.9372549       ],  [ 0.96862745      ],  [ 1.0             ],  [ 0.74509805      ],  [ 0.0             ],  [ 0.0             ],  [ 0.0             ],  [ 0.0             ],  [ 0.0             ],  [ 0.0             ],  [ 0.91764706      ],  [ 1.0             ],  [ 0.13333334      ],  [ 0.8784314       ],  [ 0.03137255      ],  [ 0.0             ],  [ 0.98039216      ],  [ 0.25490198      ],  [ 1.0             ],  [ 0.7372549       ],  [ 0.21568628      ],  [ 0.0             ],  [ 0.0             ],  ],
		[[ 0.0             ],  [ 1.0             ],  [ 0.5686275       ],  [ 1.0             ],  [ 0.0             ],  [ 1.0             ],  [ 0.6627451       ],  [ 1.0             ],  [ 0.29411766      ],  [ 0.0             ],  [ 0.0             ],  [ 0.0             ],  [ 0.0             ],  [ 0.5803922       ],  [ 1.0             ],  [ 0.9254902       ],  [ 0.9098039       ],  [ 1.0             ],  [ 0.654902        ],  [ 0.20784314      ],  [ 0.27058825      ],  [ 0.0             ],  [ 1.0             ],  [ 0.3764706       ],  [ 0.65882355      ],  [ 1.0             ],  [ 0.46666667      ],  [ 0.0             ],  ],
		[[ 0.3254902       ],  [ 1.0             ],  [ 0.7294118       ],  [ 0.6901961       ],  [ 0.28627452      ],  [ 1.0             ],  [ 0.7647059       ],  [ 1.0             ],  [ 0.12156863      ],  [ 0.54509807      ],  [ 0.0             ],  [ 0.0             ],  [ 1.0             ],  [ 0.94509804      ],  [ 1.0             ],  [ 0.7176471       ],  [ 1.0             ],  [ 0.972549        ],  [ 0.39215687      ],  [ 0.0             ],  [ 0.0             ],  [ 1.0             ],  [ 0.6745098       ],  [ 1.0             ],  [ 0.7254902       ],  [ 0.6156863       ],  [ 0.0             ],  [ 0.6431373       ],  ],
		[[ 0.0             ],  [ 0.0             ],  [ 0.39607844      ],  [ 0.24705882      ],  [ 1.0             ],  [ 0.85490197      ],  [ 1.0             ],  [ 0.9490196       ],  [ 0.9764706       ],  [ 0.101960786     ],  [ 0.0             ],  [ 0.73333335      ],  [ 0.101960786     ],  [ 1.0             ],  [ 0.8745098       ],  [ 1.0             ],  [ 0.4392157       ],  [ 1.0             ],  [ 1.0             ],  [ 0.0             ],  [ 0.0             ],  [ 0.0             ],  [ 1.0             ],  [ 0.17254902      ],  [ 0.92941177      ],  [ 0.7411765       ],  [ 0.6745098       ],  [ 0.0             ],  ],
		[[ 0.0             ],  [ 1.0             ],  [ 1.0             ],  [ 0.015686275     ],  [ 1.0             ],  [ 1.0             ],  [ 0.31764707      ],  [ 0.5058824       ],  [ 0.0             ],  [ 0.8666667       ],  [ 0.0             ],  [ 0.34117648      ],  [ 0.7372549       ],  [ 0.53333336      ],  [ 1.0             ],  [ 1.0             ],  [ 1.0             ],  [ 0.98039216      ],  [ 0.73333335      ],  [ 0.0             ],  [ 0.0             ],  [ 0.32941177      ],  [ 1.0             ],  [ 0.81960785      ],  [ 0.42352942      ],  [ 0.5137255       ],  [ 0.21176471      ],  [ 1.0             ],  ],
		[[ 0.31764707      ],  [ 1.0             ],  [ 0.0             ],  [ 0.6392157       ],  [ 1.0             ],  [ 0.8             ],  [ 1.0             ],  [ 0.85490197      ],  [ 0.8666667       ],  [ 0.81960785      ],  [ 0.2627451       ],  [ 0.0             ],  [ 0.0             ],  [ 0.6392157       ],  [ 1.0             ],  [ 1.0             ],  [ 0.79607844      ],  [ 1.0             ],  [ 0.33333334      ],  [ 0.0             ],  [ 0.0             ],  [ 0.60784316      ],  [ 1.0             ],  [ 1.0             ],  [ 0.14117648      ],  [ 1.0             ],  [ 0.0             ],  [ 0.7647059       ],  ],
		[[ 0.047058824     ],  [ 1.0             ],  [ 0.0             ],  [ 0.42352942      ],  [ 0.8235294       ],  [ 0.0             ],  [ 1.0             ],  [ 0.0             ],  [ 1.0             ],  [ 1.0             ],  [ 0.3254902       ],  [ 0.0             ],  [ 0.0             ],  [ 0.0             ],  [ 0.49803922      ],  [ 0.0             ],  [ 0.78039217      ],  [ 0.0             ],  [ 0.09803922      ],  [ 0.654902        ],  [ 0.0             ],  [ 0.0             ],  [ 1.0             ],  [ 0.827451        ],  [ 1.0             ],  [ 0.043137256     ],  [ 1.0             ],  [ 0.0             ],  ],
		[[ 0.45490196      ],  [ 0.27450982      ],  [ 0.0             ],  [ 0.8             ],  [ 1.0             ],  [ 1.0             ],  [ 0.6666667       ],  [ 1.0             ],  [ 0.44313726      ],  [ 0.6313726       ],  [ 1.0             ],  [ 0.8980392       ],  [ 0.19607843      ],  [ 0.0             ],  [ 0.0             ],  [ 0.0             ],  [ 0.0             ],  [ 0.0             ],  [ 0.0             ],  [ 0.0             ],  [ 0.92941177      ],  [ 1.0             ],  [ 0.23137255      ],  [ 0.8784314       ],  [ 0.92941177      ],  [ 0.8784314       ],  [ 1.0             ],  [ 0.91764706      ],  ],
		[[ 1.0             ],  [ 1.0             ],  [ 0.62352943      ],  [ 0.2784314       ],  [ 0.52156866      ],  [ 1.0             ],  [ 0.7529412       ],  [ 0.47843137      ],  [ 1.0             ],  [ 0.21176471      ],  [ 1.0             ],  [ 0.7176471       ],  [ 0.0             ],  [ 0.5137255       ],  [ 0.0             ],  [ 0.0             ],  [ 0.0             ],  [ 0.08627451      ],  [ 0.2627451       ],  [ 1.0             ],  [ 0.16078432      ],  [ 1.0             ],  [ 0.62352943      ],  [ 1.0             ],  [ 1.0             ],  [ 1.0             ],  [ 0.21960784      ],  [ 1.0             ],  ],
		[[ 0.0             ],  [ 0.0             ],  [ 0.0             ],  [ 0.4627451       ],  [ 0.5137255       ],  [ 0.7176471       ],  [ 0.58431375      ],  [ 0.07058824      ],  [ 0.6745098       ],  [ 1.0             ],  [ 0.99215686      ],  [ 1.0             ],  [ 0.94509804      ],  [ 1.0             ],  [ 1.0             ],  [ 1.0             ],  [ 1.0             ],  [ 0.8156863       ],  [ 1.0             ],  [ 0.0             ],  [ 1.0             ],  [ 0.78431374      ],  [ 1.0             ],  [ 0.003921569     ],  [ 0.0             ],  [ 0.89411765      ],  [ 0.34117648      ],  [ 1.0             ],  ],
		[[ 0.0             ],  [ 0.6             ],  [ 0.7019608       ],  [ 0.76862746      ],  [ 0.9490196       ],  [ 1.0             ],  [ 0.49411765      ],  [ 1.0             ],  [ 1.0             ],  [ 0.87058824      ],  [ 0.41960785      ],  [ 1.0             ],  [ 0.3764706       ],  [ 0.57254905      ],  [ 1.0             ],  [ 1.0             ],  [ 1.0             ],  [ 1.0             ],  [ 1.0             ],  [ 0.4117647       ],  [ 0.27450982      ],  [ 0.654902        ],  [ 0.3254902       ],  [ 1.0             ],  [ 1.0             ],  [ 1.0             ],  [ 0.7490196       ],  [ 1.0             ],  ],
		[[ 1.0             ],  [ 1.0             ],  [ 0.0             ],  [ 0.0             ],  [ 0.0             ],  [ 0.92156863      ],  [ 0.0             ],  [ 0.0             ],  [ 1.0             ],  [ 0.68235296      ],  [ 1.0             ],  [ 1.0             ],  [ 1.0             ],  [ 1.0             ],  [ 0.039215688     ],  [ 1.0             ],  [ 0.95686275      ],  [ 0.0             ],  [ 0.50980395      ],  [ 0.6666667       ],  [ 0.36862746      ],  [ 1.0             ],  [ 1.0             ],  [ 0.0             ],  [ 0.67058825      ],  [ 1.0             ],  [ 0.0             ],  [ 1.0             ],  ],
		[[ 0.47843137      ],  [ 0.0             ],  [ 0.0             ],  [ 0.0             ],  [ 0.54509807      ],  [ 0.30588236      ],  [ 0.5294118       ],  [ 1.0             ],  [ 1.0             ],  [ 1.0             ],  [ 1.0             ],  [ 1.0             ],  [ 1.0             ],  [ 1.0             ],  [ 1.0             ],  [ 1.0             ],  [ 0.99607843      ],  [ 1.0             ],  [ 1.0             ],  [ 0.0             ],  [ 1.0             ],  [ 0.0             ],  [ 1.0             ],  [ 1.0             ],  [ 0.6666667       ],  [ 0.0             ],  [ 1.0             ],  [ 1.0             ],  ],
		[[ 0.52156866      ],  [ 1.0             ],  [ 1.0             ],  [ 1.0             ],  [ 0.7254902       ],  [ 1.0             ],  [ 0.0             ],  [ 0.0             ],  [ 1.0             ],  [ 0.0             ],  [ 0.5568628       ],  [ 0.4862745       ],  [ 1.0             ],  [ 1.0             ],  [ 1.0             ],  [ 1.0             ],  [ 0.0             ],  [ 1.0             ],  [ 0.0             ],  [ 0.0             ],  [ 1.0             ],  [ 0.68235296      ],  [ 1.0             ],  [ 1.0             ],  [ 1.0             ],  [ 1.0             ],  [ 1.0             ],  [ 1.0             ],  ],
	]
]