[
	[
		[[ 4.4880853       ], [ 4.765963        ], [ 5.6307225       ], [ 6.7802734       ], [ 7.632771        ], [ 7.8951106       ], [ 7.789283        ], [ 7.552409        ], [ 7.4162936       ], [ 6.3725286       ], [ 4.4220366       ], [ 2.4446979       ], [ 1.9995983       ], [ 2.0284212       ], [ 2.4438355       ], [ 2.9696445       ], [ 3.4195182       ], [ 3.7364697       ], [ 3.918684        ], [ 4.0792027       ], ],
		[[ 4.754938        ], [ 5.3675117       ], [ 5.903751        ], [ 6.3195186       ], [ 6.4418707       ], [ 6.0559983       ], [ 5.442387        ], [ 4.7641993       ], [ 4.5149674       ], [ 4.026777        ], [ 2.4808893       ], [ 0.64613426      ], [ 0.50110316      ], [ 0.94687676      ], [ 1.7546272       ], [ 2.5330117       ], [ 3.2065973       ], [ 3.6672006       ], [ 3.939962        ], [ 4.058761        ], ],
		[[ 4.977345        ], [ 5.7210546       ], [ 5.960762        ], [ 5.56361         ], [ 4.802996        ], [ 4.046072        ], [ 3.1322498       ], [ 2.4597452       ], [ 2.223663        ], [ 2.3032956       ], [ 1.3295529       ], [ -0.61562014     ], [ -0.79225624     ], [ -0.15664372     ], [ 0.85766697      ], [ 1.7749418       ], [ 2.584499        ], [ 3.278635        ], [ 3.7366695       ], [ 4.0044026       ], ],
		[[ 5.0735254       ], [ 5.7281785       ], [ 5.6985044       ], [ 4.271546        ], [ 3.1387255       ], [ 2.1954029       ], [ 1.6781405       ], [ 1.5275613       ], [ 1.8601882       ], [ 3.0147321       ], [ 2.7665014       ], [ 1.3235828       ], [ 0.92359996      ], [ 1.076134        ], [ 1.5904889       ], [ 2.1012876       ], [ 2.5899348       ], [ 2.982282        ], [ 3.4513364       ], [ 3.7932382       ], ],
		[[ 4.9333444       ], [ 5.901288        ], [ 5.6684937       ], [ 3.7903812       ], [ 2.2672284       ], [ 1.2356088       ], [ 0.7758003       ], [ 0.9528565       ], [ 2.1565523       ], [ 3.876077        ], [ 4.8424606       ], [ 4.6818433       ], [ 4.6434455       ], [ 4.7733216       ], [ 4.956619        ], [ 4.548866        ], [ 4.3904033       ], [ 4.151586        ], [ 3.8520207       ], [ 3.906832        ], ],
		[[ 4.8422832       ], [ 6.08781         ], [ 5.923865        ], [ 3.5587335       ], [ 1.4236379       ], [ 0.588593        ], [ 0.21501574      ], [ 0.60578823      ], [ 1.9113932       ], [ 3.3528373       ], [ 4.6360383       ], [ 5.9531527       ], [ 7.23203         ], [ 7.976815        ], [ 8.263816        ], [ 7.8766513       ], [ 7.3696227       ], [ 6.4884458       ], [ 5.479014        ], [ 4.798849        ], ],
		[[ 4.860502        ], [ 6.022886        ], [ 5.9491715       ], [ 3.2375884       ], [ 0.71475124      ], [ -0.22263375     ], [ -0.28084728     ], [ 0.0750781       ], [ 0.8161026       ], [ 1.7882439       ], [ 2.5529985       ], [ 3.7791905       ], [ 4.9084234       ], [ 6.6094375       ], [ 7.8187513       ], [ 8.281374        ], [ 8.229932        ], [ 7.6977053       ], [ 6.8915753       ], [ 6.0122714       ], ],
		[[ 4.7964635       ], [ 6.1912065       ], [ 6.335566        ], [ 3.0433564       ], [ -0.17273238     ], [ -1.2158371      ], [ -1.1246269      ], [ -0.8184948      ], [ -0.044398814    ], [ 0.5834427       ], [ 1.4404433       ], [ 2.3460236       ], [ 2.4429708       ], [ 3.2227862       ], [ 4.8578043       ], [ 6.341127        ], [ 7.1612186       ], [ 7.645968        ], [ 7.4850345       ], [ 6.9786744       ], ],
		[[ 4.941769        ], [ 6.174508        ], [ 5.9361053       ], [ 2.4425728       ], [ -0.98624337     ], [ -2.1675584      ], [ -2.2280116      ], [ -1.8863273      ], [ -0.97618556     ], [ -0.36766174     ], [ 0.45238838      ], [ 1.640748        ], [ 1.9828422       ], [ 2.0527813       ], [ 2.6284828       ], [ 3.8613074       ], [ 5.4160314       ], [ 6.492539        ], [ 7.2500315       ], [ 7.5373864       ], ],
		[[ 5.055402        ], [ 5.821686        ], [ 4.7658453       ], [ 1.5773222       ], [ -1.1783189      ], [ -2.2651658      ], [ -2.5742621      ], [ -2.5417156      ], [ -2.4175649      ], [ -2.0625896      ], [ -1.4049158      ], [ -0.21231934     ], [ 0.6456387       ], [ 1.3038085       ], [ 1.68441         ], [ 2.4656377       ], [ 3.9066844       ], [ 5.011914        ], [ 6.0727134       ], [ 6.947578        ], ],
		[[ 5.0197067       ], [ 5.0723357       ], [ 3.2144094       ], [ 0.57961226      ], [ -1.2029779      ], [ -2.1256108      ], [ -2.1882513      ], [ -2.2735243      ], [ -2.3418741      ], [ -2.3809848      ], [ -2.2635393      ], [ -1.6390284      ], [ -0.93492484     ], [ -0.49376538     ], [ 0.052729465     ], [ 1.1172512       ], [ 2.443051        ], [ 3.709368        ], [ 4.730413        ], [ 5.465172        ], ],
		[[ 4.916378        ], [ 4.417893        ], [ 2.2294595       ], [ 0.4300541       ], [ -0.54260445     ], [ -1.0688503      ], [ -0.9464879      ], [ -0.7624397      ], [ -0.7016814      ], [ -0.6026716      ], [ -0.73622024     ], [ -0.88922334     ], [ -0.79685426     ], [ -0.8612318      ], [ -0.7658995      ], [ -0.08662894     ], [ 1.030471        ], [ 2.3592024       ], [ 3.6252306       ], [ 4.412366        ], ],
		[[ 4.438949        ], [ 3.9175708       ], [ 2.5229158       ], [ 1.7401564       ], [ 1.7278471       ], [ 2.0800254       ], [ 2.3426301       ], [ 2.2519703       ], [ 2.2696009       ], [ 2.3009725       ], [ 2.0184703       ], [ 1.6212776       ], [ 1.1808344       ], [ 0.2997097       ], [ 0.16653718      ], [ 0.83263063      ], [ 0.9443288       ], [ 1.5452602       ], [ 2.477203        ], [ 3.3390813       ], ],
		[[ 4.026811        ], [ 4.0478597       ], [ 4.0566797       ], [ 4.4927382       ], [ 4.9357395       ], [ 5.125459        ], [ 5.1790824       ], [ 5.2255383       ], [ 5.2354546       ], [ 4.4151225       ], [ 3.874069        ], [ 3.6526697       ], [ 3.5868235       ], [ 3.240925        ], [ 3.2025716       ], [ 3.374196        ], [ 3.0387764       ], [ 2.7126822       ], [ 2.066306        ], [ 2.4272816       ], ],
		[[ 4.1638613       ], [ 4.6553316       ], [ 5.466361        ], [ 6.526038        ], [ 7.1411314       ], [ 7.4075184       ], [ 7.704598        ], [ 8.205339        ], [ 8.576299        ], [ 7.7509165       ], [ 7.24007         ], [ 7.3632917       ], [ 8.037117        ], [ 8.410669        ], [ 8.400113        ], [ 7.8140473       ], [ 5.4566765       ], [ 3.556439        ], [ 2.1681967       ], [ 1.5918176       ], ],
		[[ 4.577097        ], [ 4.971432        ], [ 5.506209        ], [ 6.0645766       ], [ 6.675046        ], [ 7.4956055       ], [ 8.453545        ], [ 9.744102        ], [ 10.987221       ], [ 10.996509       ], [ 10.610411       ], [ 10.696926       ], [ 10.876145       ], [ 10.932461       ], [ 10.870184       ], [ 9.256054        ], [ 4.65869         ], [ 1.4358199       ], [ 0.5696343       ], [ 0.41374686      ], ],
		[[ 5.0149555       ], [ 5.4725394       ], [ 5.3255134       ], [ 5.0050383       ], [ 4.8727193       ], [ 5.1254134       ], [ 6.0159993       ], [ 7.3669896       ], [ 8.875075        ], [ 9.428546        ], [ 9.261992        ], [ 9.200058        ], [ 8.809285        ], [ 8.337266        ], [ 8.091172        ], [ 5.9841104       ], [ 1.1569915       ], [ -1.6614387      ], [ -1.3561969      ], [ -0.4484916      ], ],
		[[ 5.3039575       ], [ 5.6179123       ], [ 4.862177        ], [ 3.9170537       ], [ 3.2486434       ], [ 3.0245702       ], [ 3.0349655       ], [ 3.661067        ], [ 4.625565        ], [ 5.073928        ], [ 5.0975366       ], [ 4.8438163       ], [ 4.5079923       ], [ 4.172716        ], [ 4.055445        ], [ 2.3181305       ], [ -1.2842627      ], [ -2.5023549      ], [ -1.3443995      ], [ -0.23508951     ], ],
		[[ 5.4384046       ], [ 5.38888         ], [ 3.960738        ], [ 2.834003        ], [ 2.393872        ], [ 1.9993086       ], [ 1.7912476       ], [ 1.9601634       ], [ 2.274497        ], [ 2.6017406       ], [ 2.5592854       ], [ 2.4536383       ], [ 2.3010721       ], [ 2.0869308       ], [ 1.7287476       ], [ 0.10447058      ], [ -1.8321421      ], [ -1.9534581      ], [ -0.7156861      ], [ 0.48860124      ], ],
		[[ 5.3397          ], [ 4.8069053       ], [ 2.7403197       ], [ 1.4547228       ], [ 0.992983        ], [ 0.7564821       ], [ 0.7087263       ], [ 0.87002325      ], [ 1.1828042       ], [ 1.4809046       ], [ 1.3157148       ], [ 0.996245        ], [ 0.694686        ], [ 0.24411353      ], [ -0.3603587      ], [ -1.4981911      ], [ -2.1270533      ], [ -1.2551148      ], [ 0.14411047      ], [ 1.3734869       ], ],
	]
]