[
	[[ 4.104984       ], [ 4.104984       ], [ 4.752922       ], [ 5.7063017      ], [ 6.183033       ], [ 6.183033       ], [ 7.285321       ], [ 6.348647       ], [ 5.9699597      ], [ 7.006828       ], [ 7.82158        ], [ 7.0686007      ], [ 6.0652843      ], [ 5.9249387      ], [ 5.874339       ], [ 5.8603125      ], [ 5.945914       ], [ 5.4000154      ], [ 4.104984       ], [ 4.104984       ], 	]
	[[ 4.104984       ], [ 4.104984       ], [ 5.0850806      ], [ 5.750207       ], [ 6.183033       ], [ 6.183033       ], [ 5.8953304      ], [ 5.213646       ], [ 5.2145987      ], [ 5.920197       ], [ 6.5710263      ], [ 6.5239067      ], [ 6.89472        ], [ 6.203885       ], [ 6.1838937      ], [ 6.817098       ], [ 5.945914       ], [ 5.8971777      ], [ 4.104984       ], [ 4.104984       ], 	]
	[[ 4.684451       ], [ 4.7064533      ], [ 5.590085       ], [ 7.1461716      ], [ 7.701306       ], [ 5.909541       ], [ 5.389628       ], [ 4.1927586      ], [ 4.721347       ], [ 5.459841       ], [ 6.733451       ], [ 6.1004014      ], [ 6.692297       ], [ 5.96015        ], [ 5.96288        ], [ 6.408454       ], [ 6.398546       ], [ 6.364867       ], [ 4.782357       ], [ 4.7049837      ], 	]
	[[ 4.6420817      ], [ 5.587257       ], [ 6.291188       ], [ 7.169441       ], [ 6.8521533      ], [ 4.7646904      ], [ 3.6630924      ], [ 3.5655239      ], [ 4.5479226      ], [ 5.459841       ], [ 5.825543       ], [ 5.8569245      ], [ 6.003619       ], [ 5.9033747      ], [ 5.845818       ], [ 6.105466       ], [ 6.398546       ], [ 6.398546       ], [ 5.547313       ], [ 4.7049837      ], 	]
	[[ 4.6454816      ], [ 5.5776296      ], [ 7.0862494      ], [ 8.700942       ], [ 5.522008       ], [ 3.3418112      ], [ 2.299546       ], [ 2.299546       ], [ 4.483324       ], [ 5.329309       ], [ 4.719619       ], [ 4.719619       ], [ 5.989546       ], [ 5.550084       ], [ 5.425456       ], [ 5.425456       ], [ 7.607091       ], [ 6.5149627      ], [ 5.530412       ], [ 4.7049837      ], 	]
	[[ 4.9047937      ], [ 5.747249       ], [ 7.780115       ], [ 7.7427435      ], [ 4.712156       ], [ 2.01167        ], [ 1.7247125      ], [ 2.299546       ], [ 4.4486156      ], [ 5.329309       ], [ 4.719619       ], [ 4.3952146      ], [ 4.645176       ], [ 4.3933735      ], [ 4.478685       ], [ 5.325477       ], [ 6.530724       ], [ 5.969519       ], [ 4.818108       ], [ 4.7049837      ], 	]
	[[ 5.4288406      ], [ 7.15115        ], [ 7.692851       ], [ 6.7854223      ], [ 2.975007       ], [ 1.7037982      ], [ 1.9717418      ], [ 3.2053866      ], [ 4.9328613      ], [ 5.69241        ], [ 3.634905       ], [ 3.163844       ], [ 3.79607        ], [ 3.0035481      ], [ 3.2175925      ], [ 4.848205       ], [ 5.119308       ], [ 5.119308       ], [ 4.749075       ], [ 4.7049837      ], 	]
	[[ 5.887241       ], [ 7.15115        ], [ 7.692851       ], [ 5.5449796      ], [ 2.9264054      ], [ 2.415699       ], [ 3.211165       ], [ 4.018389       ], [ 5.864797       ], [ 5.864797       ], [ 3.634905       ], [ 2.3421679      ], [ 2.0250506      ], [ 2.1434853      ], [ 2.707065       ], [ 3.8240018      ], [ 5.119308       ], [ 5.119308       ], [ 5.497572       ], [ 4.8526363      ], 	]
	[[ 6.4452925      ], [ 6.938096       ], [ 5.639285       ], [ 3.3851407      ], [ 2.3382308      ], [ 2.662649       ], [ 4.5816617      ], [ 6.057236       ], [ 9.118025       ], [ 9.508629       ], [ 7.0720105      ], [ 4.629834       ], [ 4.2180524      ], [ 4.4243627      ], [ 4.876913       ], [ 5.754904       ], [ 6.919881       ], [ 6.9351835      ], [ 5.890066       ], [ 5.681237       ], 	]
	[[ 6.917338       ], [ 6.9301167      ], [ 4.178928       ], [ 1.2253616      ], [ 0.83869404     ], [ 1.8012618      ], [ 3.4128344      ], [ 5.9273615      ], [ 9.006652       ], [ 9.508629       ], [ 7.508449       ], [ 5.8339796      ], [ 4.902111       ], [ 4.902111       ], [ 5.876527       ], [ 5.876527       ], [ 7.852645       ], [ 7.226365       ], [ 5.890066       ], [ 5.7882886      ], 	]
	[[ 7.584361       ], [ 5.736287       ], [ 3.029135       ], [ 0.15464896     ], [ 0.0            ], [ 0.42094886     ], [ 1.6388444      ], [ 4.068047       ], [ 6.378986       ], [ 6.788677       ], [ 4.992968       ], [ 3.9668617      ], [ 3.2621         ], [ 3.2621         ], [ 4.135079       ], [ 4.135079       ], [ 5.741565       ], [ 6.616673       ], [ 4.724747       ], [ 4.724747       ], 	]
	[[ 6.6162934      ], [ 4.368881       ], [ 1.3834175      ], [ 0.3172298      ], [ 0.248258       ], [ 1.12993        ], [ 1.2196709      ], [ 2.0411615      ], [ 4.1654687      ], [ 4.8988695      ], [ 2.7360995      ], [ 1.4701416      ], [ 1.5609974      ], [ 1.5688084      ], [ 1.8637577      ], [ 2.686264       ], [ 4.12553        ], [ 4.774533       ], [ 4.457534       ], [ 4.714702       ], 	]
	[[ 6.476212       ], [ 3.1779633      ], [ 0.9457839      ], [ 0.5535836      ], [ 0.49513298     ], [ 1.527782       ], [ 1.5853492      ], [ 2.839635       ], [ 4.0746403      ], [ 5.407306       ], [ 3.155963       ], [ 1.2063594      ], [ 1.050372       ], [ 0.5378574      ], [ 0.94392735     ], [ 2.661233       ], [ 3.7815933      ], [ 4.7808657      ], [ 4.2974973      ], [ 5.144628       ], 	]
	[[ 5.27411        ], [ 2.868268       ], [ 1.873471       ], [ 0.8289617      ], [ 0.54281735     ], [ 0.5272496      ], [ 0.74995124     ], [ 1.0238426      ], [ 2.9347236      ], [ 4.110994       ], [ 2.1461062      ], [ 0.6054101      ], [ 0.018360198    ], [ 0.0            ], [ 0.1937756      ], [ 1.4977036      ], [ 3.4323387      ], [ 5.398676       ], [ 4.2901125      ], [ 4.499035       ], 	]
	[[ 5.506221       ], [ 3.4959445      ], [ 2.4195147      ], [ 1.7304679      ], [ 1.1793423      ], [ 0.89538133     ], [ 0.65373063     ], [ 0.23221129     ], [ 1.4921496      ], [ 3.058211       ], [ 1.324663       ], [ 0.0            ], [ 0.0            ], [ 0.0            ], [ 0.0            ], [ 1.0219287      ], [ 3.0379572      ], [ 4.5216236      ], [ 4.0660853      ], [ 4.2928276      ], 	]
	[[ 4.732343       ], [ 4.1938744      ], [ 4.221194       ], [ 3.0739348      ], [ 3.082174       ], [ 2.1143994      ], [ 2.404501       ], [ 1.2537011      ], [ 1.8790122      ], [ 2.3556216      ], [ 0.011996651    ], [ 0.0            ], [ 0.0            ], [ 0.0            ], [ 0.0            ], [ 1.864523       ], [ 3.2704391      ], [ 5.608519       ], [ 4.947322       ], [ 4.070728       ], 	]
	[[ 4.141479       ], [ 4.141479       ], [ 4.4441247      ], [ 4.152071       ], [ 3.7608469      ], [ 3.4201674      ], [ 3.1851897      ], [ 2.8142123      ], [ 3.3858016      ], [ 3.8465486      ], [ 1.0766771      ], [ 0.0            ], [ 0.0            ], [ 0.0            ], [ 0.41356194     ], [ 1.8805505      ], [ 3.62563        ], [ 5.021309       ], [ 4.925068       ], [ 4.302588       ], 	]
	[[ 4.141479       ], [ 4.141479       ], [ 4.7049837      ], [ 5.310022       ], [ 5.30211        ], [ 4.6842985      ], [ 4.058296       ], [ 4.058296       ], [ 5.3159695      ], [ 5.624448       ], [ 3.999604       ], [ 1.1818779      ], [ 0.9366942      ], [ 1.653255       ], [ 1.4870893      ], [ 2.878981       ], [ 3.4425967      ], [ 5.021309       ], [ 4.925068       ], [ 4.698314       ], 	]
	[[ 4.104984       ], [ 4.104984       ], [ 4.104984       ], [ 4.104984       ], [ 5.304984       ], [ 4.7049837      ], [ 4.104984       ], [ 4.104984       ], [ 5.4142847      ], [ 5.80922        ], [ 4.131299       ], [ 1.772911       ], [ 0.531021       ], [ 0.531021       ], [ 0.919767       ], [ 2.196052       ], [ 2.497756       ], [ 4.77602        ], [ 5.699913       ], [ 4.7049837      ], 	]
	[[ 4.104984       ], [ 4.104984       ], [ 4.104984       ], [ 4.104984       ], [ 4.7049837      ], [ 4.7049837      ], [ 4.104984       ], [ 4.104984       ], [ 5.142001       ], [ 5.80922        ], [ 4.185074       ], [ 1.8984045      ], [ 0.531021       ], [ 0.531021       ], [ 0.89067066     ], [ 1.5297405      ], [ 2.2868972      ], [ 3.6416764      ], [ 4.7872896      ], [ 4.7049837      ], 	]

]